# ========================================================
# test case: UBKNN Prediction
# ========================================================
fileName = "amazon-movies-tv"
UBKNNMaeList = 0.839560697969112
UBKNNRuntime = 18.293453103761255
# ========================================================
# test case: IBKNN Prediction
# ========================================================
fileName = "amazon-movies-tv"
IBKNNMaeList = 0.8006154236693755
IBKNNRuntime = 1.0349189836822195

# ========================================================
# test case: UBKNNLSH 2D
# ========================================================
fileName = "amazon-movies-tv"
k = 20
UBKNNLSHMae2D = [[0.9900821791665617, 1.0564983671067385, 1.109290227555224, 1.1764887658998084, 1.2044291224515085, 1.2468973295842274, 1.2719608689198518, 1.2908684468458729, 1.2720606341682885, 1.2360424607194245]; [0.9296425922823549, 0.9874890045888169, 1.048269091892444, 1.1077717433328285, 1.162990115795899, 1.2073281875659456, 1.2382371593147017, 1.251998513147569, 1.2643872408162276, 1.267780981538943]; [0.9026351749873417, 0.9536813629694884, 1.0102523524354812, 1.0723142693139405, 1.132660661463983, 1.1856931760650664, 1.2224364214741381, 1.2451487095781708, 1.263842408805757, 1.2714244644962618]; [0.8867119850944157, 0.9328411277808, 0.9849730688333712, 1.045628062961823, 1.1036546359684538, 1.158989906202721, 1.201552979824301, 1.2300025319511863, 1.2497087739539288, 1.2525391975346276]; [0.8762456697160843, 0.9124496449370194, 0.9642461585972996, 1.021307898028572, 1.080606462126396, 1.142414420047211, 1.1926127495769687, 1.2236998953226397, 1.2546261462875206, 1.251582587214558]; [0.8705681670788442, 0.9011612755676716, 0.9476241718279065, 1.0052175165681152, 1.0652638140230835, 1.1208690309463123, 1.1731979966739376, 1.2117279550084343, 1.23738527221098, 1.2491739326355173]; [0.8651720274806393, 0.8925855050220629, 0.937877737109365, 0.9916201356497409, 1.0518598548793012, 1.1057051701752654, 1.157684230000114, 1.2028905084999741, 1.2344822293848392, 1.2512290988241308]; [0.8618344496557621, 0.8859617431502272, 0.9255601334336055, 0.979103026627282, 1.0377165000910675, 1.0942274604673319, 1.1511395700175047, 1.1930904626904457, 1.224813456826088, 1.2505229360912558]; [0.8597562792205578, 0.8806621017770319, 0.9210321565337134, 0.9698903476599697, 1.0267948173381798, 1.083296150204898, 1.1420920538076327, 1.1837182933644295, 1.2188031646512714, 1.2474340515633926]; [0.8578329854915973, 0.8763216777239426, 0.9116616655602453, 0.961626333001106, 1.018560424920684, 1.0737046090524356, 1.1324269559675602, 1.180006236510457, 1.2094808813170888, 1.2353715591426837]];
UBKNNLSHRuntime2D = [[0.36726798369879515, 0.2162043022650637, 0.14316478776627078, 0.10526671644275375, 0.10026704032787571, 0.13524162617122718, 0.11920466973203021, 0.1765787605619373, 0.251852655073179, 0.4871668000361182]; [0.6185739443901571, 0.3797590701524032, 0.2137945883391724, 0.1285753548761588, 0.11580466899874631, 0.10340995177395984, 0.10025602832739293, 0.16572485143933205, 0.17263927485312194, 0.3408641454719525]; [0.8492502643609546, 0.4972056595319712, 0.29046459884459225, 0.19061220197255366, 0.12502288234955225, 0.09064422681409538, 0.08116030416447782, 0.10224967463301304, 0.134809054512428, 0.2942823796460445]; [1.0835116129868831, 0.6152061749928923, 0.36138301119328897, 0.21935762989477373, 0.12854858987125797, 0.12247123501476152, 0.09440728604403699, 0.10033857584069117, 0.1353988251402062, 0.1728795281796119]; [1.2706759917389412, 0.7356015348211223, 0.4230916566906224, 0.2741003720060365, 0.17096663180466853, 0.11899431283324209, 0.08985520863100827, 0.08135066042412636, 0.11002142369656087, 0.1493966004601757]; [1.436197947580908, 0.9096946513337728, 0.507019617110462, 0.30716358895550105, 0.1911209648788853, 0.12829979319016702, 0.0905236791190205, 0.09036923269308712, 0.10575145677848846, 0.139487892690464]; [1.6400577345998526, 0.9985944404876038, 0.5985748791765019, 0.31753433520725066, 0.21025973819653207, 0.13846299357359765, 0.10341285287501871, 0.09352328298458994, 0.10115643531840407, 0.1131670391232556]; [1.778135366175339, 1.088932627379026, 0.6614795735866986, 0.3705000593204499, 0.22075826454347547, 0.14649478415198225, 0.10906953837449422, 0.09504114495815845, 0.09909133547449889, 0.11406252024234947]; [1.9019094331557076, 1.1983361531824535, 0.7178521046642743, 0.39153631994181154, 0.24198028549561582, 0.1649590255871798, 0.1158726592095027, 0.09136896740943967, 0.10009288729794129, 0.11793471118609895]; [2.0150454992384224, 1.2949654558043144, 0.7478011566041104, 0.4470571408221584, 0.2520473058631228, 0.17016644176836912, 0.12233786089181233, 0.09994216214322775, 0.0987146384234933, 0.10367963991740788]];
UBKNNLSHCandidateSetList2D = [[2036.510986990463, 1017.4857628720041, 511.59346040997906, 254.15173209160267, 128.8391372970921, 64.12576436358164, 32.236990303503774, 16.393740519627983, 8.19178218543653, 4.058575252801988]; [3786.5754209453735, 1980.7098060334317, 1002.9407013859085, 507.7556273375347, 256.51887908131897, 127.69994818830615, 64.46901029129278, 32.210108870405975, 16.20729537667221, 8.087893921493626]; [5314.8044726694725, 2850.9819323358624, 1476.890756477721, 752.7558967144354, 380.6736565414517, 191.32099102262774, 96.5964931058503, 48.671425934544466, 24.325348171843824, 12.293301166176201]; [6678.1494078504575, 3676.8717724286557, 1937.7758548469437, 994.3923153514401, 506.09810789215175, 255.0507445246375, 128.6774520182843, 64.69531034980724, 32.517981907306435, 16.26427741164407]; [7862.838771663372, 4457.894165966519, 2390.5464689260766, 1240.951243367923, 631.5408433873081, 317.12549916150425, 159.9565646178686, 80.87621202390321, 40.394153352155705, 20.40860675008567]; [8883.989885767687, 5208.632844943074, 2827.645870331973, 1473.608180251731, 752.7549788520681, 382.4108152883852, 192.31306882333013, 96.7897813670776, 48.94679758874596, 24.452206174702013]; [9798.131588376002, 5896.770363333556, 3249.7182729922497, 1701.5676486525854, 873.972766516467, 445.86409563262004, 223.63305362457984, 113.02823589412965, 56.770306269787774, 28.518115961084916]; [10571.838400755045, 6516.156239149964, 3650.3240800430613, 1932.4488660888273, 996.9604127104543, 506.56634210839434, 255.66487582010214, 128.71943630796093, 65.06343118848399, 32.594898497240784]; [11280.401862938297, 7130.169442359113, 4034.1201444696476, 2155.6625475432666, 1112.148114960235, 570.5704427155773, 287.3319389595703, 145.2088095888088, 72.88103312594218, 36.567073278179556]; [11884.50506967347, 7691.298874718336, 4413.985713789011, 2371.971709760663, 1232.5936535489639, 630.8564150837342, 320.14892391452366, 160.71134591878035, 80.8722323601017, 40.60130793624002]];
UBKNNLSHPredictionCoverageList2D = [[0.9538686323569184, 0.870892120534065, 0.7450467705204732, 0.5868969409748042, 0.4251893901908011, 0.272142679944474, 0.1616458738705425, 0.09490539786146028, 0.05208874180483546, 0.027034067751907715]; [0.9915626035961672, 0.9567875941453142, 0.8772643848203584, 0.7555446243067937, 0.6026651541289566, 0.4324484117823961, 0.2857882858953415, 0.16914846502926975, 0.09276840882258652, 0.05105837583188314]; [0.9979681612000749, 0.9816466253583142, 0.9317568493957861, 0.836102889288738, 0.6998025025936413, 0.5333873278047586, 0.37279534839318895, 0.23931382185664582, 0.13919078116143946, 0.07678553324406238]; [0.99948488751457, 0.9917724761490202, 0.9587431742852864, 0.8799258719917432, 0.7661712350217414, 0.6086654145281143, 0.44460105576887715, 0.2925516363686431, 0.17617399427307376, 0.10192597513768055]; [0.9998807620768145, 0.9959553739269668, 0.9732092558446815, 0.9147532841639691, 0.8112629782592169, 0.662642953415758, 0.49517357371426857, 0.34022872360058126, 0.20680413344283533, 0.1220012079779429]; [0.9999475324418533, 0.9981112399102434, 0.9826435039810146, 0.9340081646573651, 0.8416881070327437, 0.7092988299047635, 0.5481201736036997, 0.38061272142042607, 0.24565230708674532, 0.14458535552790103]; [0.9999856918696427, 0.9991939439734834, 0.9887151857360705, 0.948598272172573, 0.8676536683553947, 0.7440783043696498, 0.584640867300683, 0.41845928007254535, 0.27397419270486817, 0.16198448847347588]; [1.0, 0.9994038057431007, 0.9925070113843842, 0.9598115256506811, 0.8865937785802936, 0.7706166217621998, 0.6163348431512184, 0.4528431967133666, 0.30195267302095175, 0.17977997945712695]; [1.0, 0.9997710619289982, 0.9949346978561779, 0.9679198195642885, 0.9025430229361525, 0.796677596397401, 0.6486822719160331, 0.48477547730575377, 0.3262917373764224, 0.19773253289508638]; [1.0, 0.999837832294037, 0.9966135804107311, 0.9742967531948067, 0.9169902528038355, 0.8138480025012274, 0.6759592484436024, 0.5083992459168284, 0.3468343152738164, 0.2168110902922424]];
# ========================================================
# test case: IBKNNLSH 2D
# ========================================================
fileName = "amazon-movies-tv"
k = 20
IBKNNLSHMae2D = [[0.9157967172284094, 0.9670419051489478, 1.0057563394440112, 1.0338437103191274, 1.0581755680444749, 1.0749370750480909, 1.1085239895719115, 1.1155485704414043, 1.1266937023739307, 1.1425684396285265]; [0.8584725693007499, 0.9132708909426853, 0.9618196812117739, 0.9979945857629361, 1.0329733700501604, 1.0478962274399581, 1.077844626278934, 1.099482482891144, 1.11827565867797, 1.1191991648017285]; [0.8309695745069239, 0.8769685805231875, 0.9284543722224011, 0.974914691650063, 1.006492009394063, 1.0304628608800888, 1.0560475924407593, 1.0797056761912227, 1.0964715642892533, 1.1077178173219628]; [0.8169213263665407, 0.8559786649753192, 0.9068040938624483, 0.9539975222628457, 0.9892022407168012, 1.0191992723669407, 1.0481989563502188, 1.0654409525351827, 1.0931247735031018, 1.1019048068431478]; [0.8092913878656308, 0.8412475952899058, 0.8897696383680326, 0.9368970008006392, 0.980329500893832, 1.0115802153839495, 1.0324812987327752, 1.055969117621993, 1.0810487856967326, 1.1012469767256625]; [0.8042608767032752, 0.8305272865348633, 0.8762188980022424, 0.9236978317915313, 0.9660340627702814, 1.0006172589809947, 1.0252530694069535, 1.0484893404718416, 1.0670446381565364, 1.077169798721027]; [0.7999099271484198, 0.8209356424684472, 0.8629039063059541, 0.9097163535759373, 0.9569696512048829, 0.9891293389597946, 1.0143049240093973, 1.0404813204151397, 1.0663798722180178, 1.079065956794471]; [0.7978257879998649, 0.8166358229995773, 0.8534215128741803, 0.9023272553160092, 0.9503481258655723, 0.9831708143160692, 1.0086802522629146, 1.0372528060347905, 1.063927216882635, 1.0768298398785336]; [0.7952968758712219, 0.8124637347845148, 0.8450011469226055, 0.8910656468858406, 0.9398683845874337, 0.977983837769904, 1.00448282818632, 1.0299666929514757, 1.0525990138972217, 1.0777744473972541]; [0.7933808367941313, 0.8092388563781304, 0.838536386914211, 0.8824267587413545, 0.930257190344436, 0.975022387075582, 1.0023578780829385, 1.0260089826696943, 1.054278823326402, 1.0755304689606484]];
IBKNNLSHRuntime2D = [[0.7097713211267772, 0.38367992633544407, 0.22059587631269206, 0.15779033480364776, 0.11035349634455392, 0.08459866606937216, 0.07344019298673052, 0.07768161683168295, 0.05789875884301173, 0.1257992316728526]; [1.3607829617761478, 0.7409438673720153, 0.39325922345306763, 0.23915341159222633, 0.16356039267523867, 0.12131605622769266, 0.0803007822896296, 0.07138851704736414, 0.07088298393459479, 0.08233385266684977]; [2.0856708265317487, 1.111084893748336, 0.6061561350072343, 0.3551354335690575, 0.21527588541473755, 0.156148680838222, 0.09193551387936925, 0.06885517710454742, 0.06455801859112256, 0.06607504831729012]; [2.5825085738676443, 1.4070866931310826, 0.7713579576868513, 0.43666321183973134, 0.2267113182766218, 0.16898282431893882, 0.12106327333779605, 0.09273887124913337, 0.07768965378115716, 0.12033935526535174]; [3.014822730138011, 1.7424165850755882, 0.9394030173836714, 0.5265154594386773, 0.31362120800564514, 0.1969749696352832, 0.13979610212040028, 0.10230962321133565, 0.08473825929446188, 0.06987496818101566]; [3.52208222156935, 2.124797841079624, 1.1425935535164065, 0.6069602748651383, 0.36045854944274397, 0.2222480753225924, 0.1477114683677091, 0.10526794929373558, 0.0726112090725451, 0.07698742854282542]; [4.088863530916876, 2.4136157078042113, 1.3012320269576196, 0.6892448555441062, 0.3981456686814517, 0.24630643134171393, 0.15165427777464824, 0.11161032042635054, 0.08837323819745851, 0.08018073309965437]; [4.456816604133479, 2.623630087290233, 1.4332472888846512, 0.7647710104836826, 0.438351662570857, 0.2661279575612229, 0.1743163003706969, 0.10899532748451511, 0.0910270509491833, 0.08146820220661162]; [4.771574691663349, 2.851160703262534, 1.5622140565416383, 0.8565081533591931, 0.47769423254591037, 0.29036432054776745, 0.19058926106573468, 0.13181960967632048, 0.10202441725639429, 0.08089948375742723]; [5.01594925867025, 3.086477140993452, 1.7051299623991534, 1.0012891748819175, 0.5401295586337246, 0.32765743483622495, 0.20962501232919029, 0.1310177462762241, 0.10614514107699151, 0.09316537959089972]];
IBKNNLSHCandidateSetList2D = [[2223.673464978002, 1109.127652938838, 573.3949534806255, 282.73050431693594, 142.52316937753906, 71.29903697727553, 37.11012127746722, 17.803342928354553, 9.398757247708508, 4.281458164045442]; [4156.379398952114, 2185.9544256635613, 1122.6613500210703, 551.6011308338057, 280.3052447873069, 144.63874088126832, 74.1653831917417, 36.034178892926946, 18.34692244569221, 9.219285851808461]; [5858.364424774467, 3143.8952108189574, 1658.312979521422, 851.3148883170658, 429.2043804274803, 218.67684360747091, 108.099987713223, 54.99250525985601, 27.96300331545268, 13.918625099048162]; [7385.763965744325, 4120.85052437019, 2171.93764063833, 1119.0506276095755, 561.6437631069399, 289.5554231945644, 145.43264267945014, 74.11780484869571, 37.42558888873515, 18.786291977977157]; [8670.07949990676, 4963.718596466034, 2666.7636381264088, 1391.8581095439713, 702.2965152671064, 359.5134899741247, 184.89859520839298, 92.19925745735596, 47.13340219925029, 23.498167784885325]; [9727.944353044673, 5741.085559964963, 3139.4337150280626, 1645.684486742123, 847.13431803409, 430.1597175574612, 216.47407272808803, 110.45856833715158, 55.63076185086371, 28.17767130495169]; [10705.232230705064, 6490.102328148002, 3606.6108742957804, 1897.6049225464794, 976.6110175055161, 499.7069453641005, 255.99431617935068, 127.85418976333112, 64.9814833592266, 33.56220921176311]; [11628.859953886664, 7175.901472829047, 4026.87035351568, 2147.860015388871, 1115.0446405798446, 568.734801823728, 289.8986935876247, 147.90826344046903, 72.80274007659817, 38.3825173893848]; [12351.56233369245, 7845.398361027929, 4471.858805683033, 2400.3414715391086, 1257.1184226330495, 635.7643740146051, 326.92312097105855, 163.4861017442696, 83.90332731409302, 41.83473285611925]; [13018.392861988452, 8480.033688110547, 4887.761864780458, 2667.7777752634515, 1390.953705680776, 709.2253480171411, 363.346608809753, 183.13933777800878, 91.91825391812586, 47.07278971266498]];
IBKNNLSHPredictionCoverageList2D = [[0.9590865541256948, 0.8818431379817061, 0.7630234668843382, 0.6211616595508912, 0.4795722331040851, 0.34904303858793434, 0.24453155108511185, 0.15004634031915995, 0.09571103135288041, 0.04918398113587599]; [0.9927025378601305, 0.963345792189474, 0.8907145912412511, 0.769777169769181, 0.6301189995383623, 0.49405234754581784, 0.3653549451915256, 0.24513716149771062, 0.1569811816296132, 0.09562529375276807]; [0.9976533691600334, 0.9850139828424279, 0.9423834289885656, 0.8548090933649233, 0.724261010508639, 0.5888430320686012, 0.4420923894876143, 0.320387062135752, 0.21820385691890387, 0.1353511615291506]; [0.9988743798720888, 0.9929696310589767, 0.9666606172106027, 0.8978259739750927, 0.7813909127603358, 0.6493643328319001, 0.5076312533599502, 0.3774121560115902, 0.25968473296210526, 0.16700229276751746]; [0.9993370265738898, 0.996122332462892, 0.9790806290299603, 0.9263052080746483, 0.826196401870699, 0.6950903652681607, 0.5596962623511224, 0.41965639758071, 0.29885221429140624, 0.1982669215175328]; [0.999570735955423, 0.9977105992245394, 0.9862922078534911, 0.9447348716112401, 0.8592067934854827, 0.7342292511469477, 0.5915523734852791, 0.4570690942989031, 0.3285335588813835, 0.22396044251663513]; [0.9997472074238213, 0.9983878796206541, 0.9908328686090145, 0.9581326557215065, 0.8832406655500282, 0.7664241482638045, 0.6296943691394192, 0.48647835189003313, 0.3554291962530407, 0.2510518724621132]; [0.999813986183589, 0.9987360581400928, 0.9935085895185495, 0.9679054750559231, 0.9025098056455301, 0.7919317648518999, 0.6564613460176686, 0.5198895007595118, 0.37734553490794603, 0.2729440464217657]; [0.9998426046282644, 0.9992797852482008, 0.9950968691108247, 0.9752077321890429, 0.917696176485676, 0.81181145968438, 0.6852075083546058, 0.5378419537997303, 0.4079899286398568, 0.28442905070768126]; [0.9998092181490429, 0.9993131772557847, 0.9964561886559199, 0.9810647463294034, 0.9320238978910148, 0.8342807831965869, 0.7063320258192335, 0.5637359429394232, 0.42562306327467964, 0.30693224179012596]];
# ========================================================
# test case: IBLSH1 2D
# ========================================================
fileName = "amazon-movies-tv"
k = 20
IBLSH1Mae2D = [[0.8451773085390926, 0.8647772538175632, 0.8855907543444387, 0.8986504872378909, 0.9163276125599525, 0.9337080003847443, 0.9490087523272299, 0.9567091950938481, 0.9574328763675551, 0.9480596609617195]; [0.8249840908180835, 0.8415725301821856, 0.8605164466836414, 0.8798516142028955, 0.8961879669474032, 0.912537690295706, 0.9315953421865736, 0.9444837122836933, 0.9519627764811358, 0.9570470846402429]; [0.8190776366020739, 0.8293349324043353, 0.8462815979438675, 0.8666256942702087, 0.8842624854783008, 0.8971464425040883, 0.9172649722886703, 0.9325196181384818, 0.9418491223913344, 0.9580632595338491]; [0.8149842284474017, 0.8243968142326814, 0.8390183749888306, 0.859929784816099, 0.8770046757661459, 0.8948133913730422, 0.9079970708906, 0.9236245938175354, 0.9419287512626392, 0.9489144520684598]; [0.8134596956872748, 0.8198668094402574, 0.8322613329646457, 0.8488059689232633, 0.8682805253865422, 0.886625618842661, 0.9021528980909057, 0.9162464634195083, 0.9321928023279512, 0.9433015729249137]; [0.8119023535524326, 0.8166812350812004, 0.8280209167847303, 0.8448576379408088, 0.8609633660462027, 0.8800978554888451, 0.896683906105855, 0.9105635187404607, 0.926885870949242, 0.9458997182047632]; [0.8100864614493867, 0.8152676418455065, 0.8247807182110436, 0.8403885300321331, 0.8586752648747332, 0.8737098530590773, 0.8930518409152421, 0.9062728907032974, 0.9205915087891802, 0.9433066719588797]; [0.8090864727311037, 0.8128011093529445, 0.8197610506041123, 0.8341295759417126, 0.8547436738814974, 0.8701639479877342, 0.8902717044457908, 0.9008704545747209, 0.9196103301039052, 0.9346220439469515]; [0.809187327965278, 0.8122869958746203, 0.8210940635126049, 0.8327125277289961, 0.8495841065552708, 0.8702516256873444, 0.8809630413005433, 0.8986436477897479, 0.9201179103576583, 0.9358226293659057]; [0.8074047374443065, 0.8098272484661907, 0.8162491448077732, 0.8316182449397168, 0.8480017272705932, 0.8656702315870883, 0.8857937718678291, 0.8994819945485982, 0.9134586589080347, 0.9314867815327936]];
IBLSH1Runtime2D = [[1.8294747579145236, 0.5656294313931608, 0.20589674675379033, 0.06651173592673569, 0.033076944674436705, 0.017571244712142272, 0.006281530011112916, 0.002976216012425431, 0.0017599784535718688, 0.003185993286456848]; [2.0161176963015954, 0.873545927522731, 0.3330451656684939, 0.12825930738273153, 0.055880297736392436, 0.033158361277759646, 0.015272134926552083, 0.0071257408923361435, 0.005022530154616018, 0.0035487234539156435]; [3.044094646573623, 1.2493036769250987, 0.47250336274782967, 0.20384270392734707, 0.09286364509421767, 0.052417302743717996, 0.019164159459077342, 0.00996844593274448, 0.004998519562144835, 0.002790192982223261]; [3.1984706663190274, 1.3247736703488637, 0.5299762439166994, 0.23145861345507104, 0.11029164327266709, 0.05434466328594334, 0.03553305651829398, 0.01594472181329325, 0.007817456978129212, 0.0030382257137752996]; [3.31081130215264, 1.5352336130558262, 0.6856507763497293, 0.30349830032267255, 0.15245965191089036, 0.07524505452401416, 0.0373219916544456, 0.01743285589248944, 0.008718814386364489, 0.0044738781740218695]; [4.187058552907106, 1.940590446516886, 0.849510638226441, 0.36050952002271025, 0.1782060823847795, 0.0844692483602633, 0.037665303928634354, 0.020280284604325946, 0.010497820343007247, 0.0052274753781476465]; [4.28268078311462, 2.0207734067281544, 0.9048918307333108, 0.4150154639579476, 0.18379585876839877, 0.09586392131622634, 0.052823648869235525, 0.023895648134073962, 0.012067071818134491, 0.006391251111411363]; [5.200742003383321, 2.180952659913521, 0.9683888099823986, 0.45256171991452104, 0.2178741872082582, 0.09543901260353697, 0.0524176585901423, 0.026409220993382176, 0.013521788226557965, 0.0071305279690687005]; [5.479220576595638, 2.305194050366797, 1.0478928331446216, 0.4545037485911913, 0.2076962504440263, 0.11322051487027751, 0.052746772888529865, 0.027014913372536243, 0.013803171947505124, 0.007221174406283041]; [5.205858105219899, 2.515791623038551, 1.2045239180176628, 0.5879366330653576, 0.29634356009364043, 0.14200466668661907, 0.06913504265048713, 0.03529017803870719, 0.0193454201874661, 0.00932453809240835]];
IBLSH1CandidateSetList2D = [[2235.7182944871874, 1123.0298926169326, 567.6306250748188, 284.0830263313485, 145.64156061718225, 71.98624767200411, 35.63129272085485, 18.391986231446907, 9.579874154553453, 4.581273913033041]; [4198.02330846888, 2193.781319505139, 1118.1741976073818, 571.8918456482553, 288.311937991103, 148.06642671580315, 75.20962510424312, 38.53468302140518, 19.375253287901433, 10.41008671699119]; [5899.06534131465, 3155.207359529934, 1642.3856027544816, 849.9900797233946, 429.0819019739909, 219.65561078928351, 112.7905448431997, 56.93851049048234, 29.13913131575185, 15.534112325331579]; [7350.12693700955, 4065.960839535545, 2175.5949540062684, 1120.7690974300588, 567.5158073469225, 287.7723346816047, 146.27175627941395, 74.5427383717664, 38.18654442584633, 19.757590038227484]; [8656.427736909523, 4962.188684930567, 2639.4888717063986, 1395.0534343973534, 718.6128421568159, 366.96888031174836, 184.64249609375406, 93.5530667180439, 47.92291273874099, 24.985608157079014]; [9782.39648573164, 5733.9047302590625, 3130.426791384789, 1658.8718170051372, 848.1830658106724, 432.72701848537264, 221.8842489148511, 111.37424253546048, 57.669481261459254, 29.596153815691554]; [10775.786932448267, 6504.756512592342, 3578.297329564922, 1902.3126094520928, 993.8609040336314, 506.1834311537211, 252.5556922104416, 131.5493321721574, 67.40600819913664, 34.31063384893755]; [11616.162031843613, 7194.573806454267, 4067.9847744418735, 2177.2506219880906, 1130.416413070585, 576.8490138633114, 297.74767313183634, 148.8739115283261, 77.20907301493314, 39.149601022282404]; [12352.268059865419, 7856.463442971476, 4492.406557868934, 2410.1778032738916, 1248.4153936598725, 641.5934305402365, 325.4525359140495, 167.88426911551858, 85.203236685104, 43.00779544284538]; [13005.654477022777, 8525.020415889137, 4926.927253704221, 2649.195763437941, 1393.310426704725, 715.5916284383601, 362.37157152804735, 184.92875780842823, 94.75166365027214, 47.40627356223359]];
IBLSH1PredictionCoverageList2D = [[0.9597209163414177, 0.8818146427277269, 0.7621363514721494, 0.6213428796016784, 0.48360237434194736, 0.34587124443517064, 0.23347582545515863, 0.1510621401104393, 0.09352670547450675, 0.05039067689211387]; [0.9927979157498643, 0.9632169877576974, 0.8894791735727393, 0.776492896887628, 0.6360333140395092, 0.4992989979784626, 0.3663709973818448, 0.2500783842430069, 0.1569001856486303, 0.09470964438366784]; [0.9976247516707256, 0.9849090376936328, 0.9399747771845721, 0.8528870039240868, 0.7261401483335925, 0.5852709545165523, 0.4509689487529753, 0.3204966500067003, 0.2165772837217678, 0.13477888094698542]; [0.9989840738093129, 0.9928981017367019, 0.9667274575996628, 0.8963666443917028, 0.782869669109584, 0.6433118763753619, 0.5065291840960346, 0.3719890946435967, 0.2553537654017652, 0.16390656487808433]; [0.9993704134626423, 0.9960937119022324, 0.9790042537319851, 0.9265770387332908, 0.8315003112398379, 0.6995640393705397, 0.5563477168394749, 0.4178297681307102, 0.2956756819286398, 0.19761318406582004]; [0.9995278046029373, 0.9976724477136193, 0.9865879102153327, 0.945531362083918, 0.8582051763781475, 0.7344103704621312, 0.5965604138294047, 0.45304799363139847, 0.3324679678838522, 0.22401336707381156]; [0.9997185924599407, 0.9986120417401526, 0.9907279398399701, 0.9583615598737963, 0.885119782143649, 0.7674973203500994, 0.6225591932596314, 0.4924975666351517, 0.36182985894557457, 0.24591020082128887]; [0.9997138249030785, 0.998869600235157, 0.9938854006785416, 0.9686352612300718, 0.902700431683737, 0.7924992720692865, 0.6627379362780121, 0.514370997076827, 0.38665580834633956, 0.2678743484131969]; [0.9998139829758442, 0.9992368681598335, 0.9951636483486276, 0.9754128008763209, 0.9166612432690013, 0.8120881666220047, 0.6789214927282873, 0.54434291467938, 0.40427943899224267, 0.28022728369897365]; [0.999918916727151, 0.9993370273247115, 0.9963560324260002, 0.979986817603414, 0.9306311562392482, 0.8340044087062641, 0.7015146347861511, 0.5626532334177311, 0.428556456727265, 0.29913394588324754]];
# ========================================================
# test case: UBLSH1 2D
# ========================================================
fileName = "amazon-movies-tv"
k = 20
UBLSH1Mae2D = [[0.903998591280693, 0.9306288942308379, 0.9620853184137635, 0.9947535759719986, 1.016257057129315, 1.044832760150846, 1.0623139718243593, 1.0635850044036534, 1.0815404171891447, 1.0594183015587992]; [0.880376471523651, 0.8987523605459516, 0.9292672434501523, 0.9631418932602518, 0.9943633686805878, 1.02567767487666, 1.0378217523023416, 1.0494841725073885, 1.0532823738150088, 1.076779004480774]; [0.8705952145432733, 0.8876987207108241, 0.9092541167966047, 0.9388272659582343, 0.9692113841225263, 1.0050812681987844, 1.0267970673075946, 1.0427257559257537, 1.0418556325699477, 1.0719995293551623]; [0.8669596021274829, 0.8797657555378597, 0.8988893892632054, 0.9245869312192531, 0.9536670000416584, 0.989742692984145, 1.0159151141440483, 1.0475479287431668, 1.0525916106456632, 1.0602860672403986]; [0.8643987003432972, 0.8760780796761587, 0.8934309877196513, 0.9160536208395832, 0.9417653174179179, 0.9758584551710731, 1.0040889866148925, 1.030948199071741, 1.041672155524717, 1.0703112346439687]; [0.8622070775006492, 0.8713815295425539, 0.8862344355988129, 0.9098461905746745, 0.936314280689391, 0.9663796613391945, 0.9971588376684073, 1.0190173141745047, 1.0387086775999066, 1.061363253213185]; [0.8616021898551706, 0.8681216695969475, 0.8819556723757672, 0.9036016959728003, 0.9268965893501345, 0.959562258886017, 0.9892271603500432, 1.0145436229117692, 1.0329265482185888, 1.0475919237032396]; [0.8620097196450437, 0.8673630580506487, 0.879125856226293, 0.8978367041887857, 0.9237288931120639, 0.9536827421129024, 0.9836573606145255, 1.0111291196533223, 1.0325550606091645, 1.0538189161256077]; [0.8605105570047425, 0.8653706473381625, 0.8751344053593608, 0.8932706897534066, 0.9180705704009621, 0.9471677178760595, 0.9784815645413124, 1.0076188234274455, 1.0430451487765362, 1.039434049203063]; [0.8589354455695379, 0.8653345919270471, 0.8736728025773969, 0.8929673289185976, 0.9143372403074311, 0.9416663835868123, 0.9725786860208373, 1.0018277916348077, 1.0320946832083262, 1.0394786731091175]];
UBLSH1Runtime2D = [[1.0280461915508863, 0.3907583347178552, 0.1552552377526747, 0.05721583866857909, 0.026414037965095727, 0.010617221246923955, 0.00625284440702456, 0.004893496264661153, 0.003710960979354248, 7.058921523383378E-4]; [1.5007714557215142, 0.6795663124182284, 0.2791488039186288, 0.11839048069821896, 0.05165930351966239, 0.0212772446480969, 0.01427535185194404, 0.004192472408040797, 0.002112915588956024, 0.0028139950699652017]; [2.0629556349259768, 0.8619495990429829, 0.40475622838340697, 0.18095754755712204, 0.07940887463849006, 0.03247145233212079, 0.01784787883034421, 0.006963599462759967, 0.005613731492313431, 0.0018983012775043273]; [2.280387808334703, 1.0262145654562664, 0.4772964975467963, 0.20590700824622923, 0.10587563650387077, 0.04198652712224767, 0.020232454859319977, 0.011442309145048575, 0.005590050547875785, 0.003667766317779537]; [2.580956133972563, 1.1506515123627477, 0.5488575338145375, 0.26072436931138765, 0.12046529677519428, 0.05183089270558095, 0.02544584876487771, 0.012257781187619698, 0.006171798127842497, 0.0035437763313223777]; [2.7404513851086274, 1.357371450511586, 0.7248577360369045, 0.32559488606819487, 0.15298448535399348, 0.072011168568622, 0.03411202121549112, 0.014618837820892357, 0.006305376121473125, 0.003286243225841441]; [3.0429767121267486, 1.6869330108749783, 0.8050770684072205, 0.37021966570810366, 0.16067261626425458, 0.08170776841658295, 0.0363728846950876, 0.017346943023954425, 0.008699731464593158, 0.004793452512639858]; [3.3739021718978255, 1.8777115082295228, 0.858190075807312, 0.38706989742444664, 0.18914726769895648, 0.08518022918119005, 0.03915834588446753, 0.01834857255062844, 0.009586886802243328, 0.004893579122210506]; [4.028100644513528, 1.9270789470486214, 0.9310779913328772, 0.43059306594435437, 0.2061746505130727, 0.09617859494188201, 0.04204854351187348, 0.021601410255413442, 0.010574118382497132, 0.0052370057142434355]; [4.26623541263862, 1.9959362525708306, 0.9944587015287968, 0.4829723108066877, 0.22070798558356083, 0.11469889044799082, 0.05558955614305483, 0.02251715284847287, 0.012415245219181229, 0.006128916392468914]];
UBLSH1CandidateSetList2D = [[2039.3751969154935, 1020.5917474599306, 516.511182049497, 256.9731607199224, 131.641529816505, 65.64806946552135, 32.27834075710465, 16.315674599688172, 8.16955678351696, 4.186196086442331]; [3803.2261322816316, 1990.4549449474273, 1007.5092733832904, 512.9108971777157, 259.26645728596856, 130.45607577650347, 67.014686239169, 33.600462983464006, 17.93245328229982, 9.2614616295896]; [5385.357930322631, 2858.8576277054885, 1489.6827276973056, 769.7519712494213, 387.0604139508987, 197.43836209476262, 99.41607851727731, 50.74934823747528, 25.80174399042474, 13.45416566609599]; [6722.471910302203, 3703.0772343273916, 1968.449367049766, 1011.3103546366629, 519.1568890080797, 263.5195727753042, 132.75275680483688, 66.93611588617229, 33.99151985552828, 17.796549077132436]; [7923.90082919641, 4488.617358009334, 2423.786927546867, 1256.4549620074797, 645.7187375049463, 324.6001895956875, 165.62478416593922, 82.92271436824986, 42.45701514238319, 22.046143885258378]; [8949.775246407351, 5235.267061407376, 2836.974218216701, 1496.8036783900432, 769.6030701694255, 388.66791761824885, 197.46773917172695, 100.29302806344617, 51.172039159188245, 26.000236530690316]; [9823.373816620828, 5942.9120158212545, 3282.6853786205124, 1709.5600690621861, 890.4583186881711, 454.1405256943992, 228.96898245278985, 116.31732938983083, 59.124884812238236, 30.4531059324453]; [10622.516402542336, 6589.659547459888, 3679.5764343246024, 1945.2061470908302, 1015.5331923163179, 518.4728993391486, 262.4492002464097, 133.10940647677737, 67.31784128026379, 34.413477037702805]; [11321.257135492495, 7181.786341957559, 4080.634589038735, 2176.4271452031376, 1132.5716119679657, 575.9833833027556, 294.272069535062, 149.37325055110026, 75.31389518009216, 38.359036863498936]; [11907.444355612066, 7711.954013799886, 4461.43909467232, 2401.9973607346014, 1254.5021352707265, 645.8526918676606, 325.8658335323083, 165.7862678800636, 83.70863542534093, 43.03819957479423]];
UBLSH1PredictionCoverageList2D = [[0.9550800466671593, 0.8714979304397747, 0.7457813368090617, 0.585108431915402, 0.42379150520133696, 0.27795207967001784, 0.16238999212826874, 0.09034546260669342, 0.04892631425995438, 0.02682903045905703]; [0.9915244657347612, 0.9567590456558923, 0.8773836061587198, 0.7548294290214361, 0.6001945743863258, 0.42934822073144346, 0.2838337567344265, 0.1668686754631176, 0.09909743804196287, 0.052150638827256644]; [0.9980635426389322, 0.9817086343091939, 0.9304786448577635, 0.8373000618074782, 0.6996022224867607, 0.5373507723976666, 0.3745508005511413, 0.23622292212580456, 0.13719723214429, 0.07331810907374488]; [0.9994515006940579, 0.9916627581197218, 0.9590150394775088, 0.8828304169942323, 0.7654081285020667, 0.6123474844710571, 0.44610338652282205, 0.2918554963641229, 0.17361297946133594, 0.10080039091229072]; [0.9998759919947885, 0.9960460153817429, 0.9738483145013964, 0.9138089070197971, 0.8107621256513154, 0.6668590219365452, 0.5026615065525329, 0.3364081398711896, 0.20867392909256807, 0.12170539293840306]; [0.9999713830567923, 0.9981350949614326, 0.9827389168828912, 0.934780782948457, 0.8428135547619382, 0.706980693501999, 0.5472426461992996, 0.38650308662035576, 0.24453606946931106, 0.14067394621019264]; [0.9999904606549226, 0.9989840789279686, 0.9887819446352926, 0.9476156972443311, 0.8685026370345558, 0.7433678798442411, 0.5847076693310019, 0.41960395930074285, 0.27018739286576293, 0.16375883532100796]; [0.999995230668708, 0.9994324153153634, 0.9923400355127253, 0.9600595424800783, 0.8873138850876567, 0.7726915312147319, 0.6190490011276178, 0.45217529220760566, 0.299214904461296, 0.17979441228193319]; [1.0, 0.9997424403447307, 0.9948917561297241, 0.9685016820076721, 0.9036258469137518, 0.7930575122664337, 0.6479764081561533, 0.48426023296386994, 0.32079259193317505, 0.19478507004839865]; [1.0, 0.9998903001251459, 0.9964037304482211, 0.9752458888872987, 0.9169521088681426, 0.8171343399807882, 0.6703552782417574, 0.5117284660854605, 0.34563731031135125, 0.21896204491536272]];
# ========================================================
# test case: IBLSH2 2D
# ========================================================
fileName = "amazon-movies-tv"
k = 20
IBLSH2Mae2D = [[0.8658185939192116, 0.8832119122174077, 0.9039339138654606, 0.9194798046385259, 0.9391559949775745, 0.9581750765665896, 0.9568742911030482, 0.9727153523836716, 0.9769448723794425, 0.9728329954190299]; [0.8419732725944131, 0.8628233266350268, 0.8794056585248035, 0.8994574492849133, 0.9156110822713224, 0.9321908073436154, 0.9460162877165409, 0.959600280686476, 0.9621603701194728, 0.9617599886407205]; [0.8326737069290241, 0.8465012216585626, 0.8666425039143458, 0.886215362343392, 0.9018291438222691, 0.9211608938377284, 0.9328127224258629, 0.9521047811633722, 0.9649253700402113, 0.965085172713362]; [0.8258004507946192, 0.8406045142316056, 0.8555725851311587, 0.876952703683121, 0.8952982811268928, 0.9123629785670827, 0.9269864479355929, 0.9463080895229168, 0.954327909388376, 0.9557492974544832]; [0.8213319851074168, 0.8328160059569547, 0.8509772916756558, 0.8668561708317656, 0.8886563469241834, 0.9075263482975836, 0.9198772795099096, 0.9412346663404733, 0.942280966403639, 0.9616914813591745]; [0.8200278320266617, 0.8290838561487975, 0.8436821190917896, 0.8643448100328793, 0.8848774538711744, 0.8974618509382727, 0.9183099901712358, 0.9321698388794304, 0.9459225135624701, 0.9521263091941576]; [0.8169474302310565, 0.8260889557545705, 0.839947497551524, 0.8579164313923243, 0.8807864761490878, 0.8940555417448749, 0.9132444234451068, 0.9281364374236621, 0.9383210860878152, 0.9560636390898013]; [0.817699570457547, 0.8236519320054079, 0.8384665925248185, 0.8545402100954297, 0.8762810467592487, 0.8874653328362232, 0.9072650060412958, 0.9274291174864125, 0.9380020539657186, 0.9500909411103365]; [0.8162802325101577, 0.8219186205559416, 0.8344575824129574, 0.8531435734765277, 0.8671704841134403, 0.8905474158475438, 0.909984910047326, 0.9197712725429464, 0.9357042491624453, 0.9476265059886918]; [0.8148687748186404, 0.8201163840801198, 0.8301151892973407, 0.8491182610345533, 0.8673415378611953, 0.88507067309778, 0.9031186336306668, 0.9152870855388445, 0.9366105383541802, 0.9461441199385764]];
IBLSH2Runtime2D = [[0.10610415955045388, 0.05076246094114193, 0.02691471312193186, 0.014900098828827044, 0.007221153385120881, 0.0036534972276023054, 0.002084301239503933, 0.0014213454898027063, 9.109869795219648E-4, 6.009686386064861E-4]; [0.20721902329370945, 0.10918051903023614, 0.05378183871590749, 0.026361377600356225, 0.014432747018606496, 0.007483443264667887, 0.004202019465353785, 0.0021176952942162535, 0.0012925532065997684, 9.252953829292663E-4]; [0.29721593234972016, 0.15680957026094924, 0.08247093820323524, 0.04121874238532039, 0.021563240999668037, 0.011251425054295446, 0.006028743851038981, 0.002852193947817338, 0.0016455076093012104, 0.001135155924041159]; [0.37129255947326995, 0.20416139934433378, 0.10949047451291409, 0.05296146766462979, 0.029022833785614433, 0.014666474350301722, 0.007664720509727998, 0.004139988401990609, 0.0021081598394648055, 0.0015119529564837561]; [0.43796216060403514, 0.2517239192933542, 0.13639586102084109, 0.06637328636491724, 0.035194707943612645, 0.018806479882601215, 0.00971565280949892, 0.005127296898824033, 0.0027806532957673903, 0.0017838191724021488]; [0.5037246602578604, 0.2928333475537508, 0.1581688744545597, 0.08247102795123344, 0.03975927623477034, 0.02318015855684041, 0.011609146195060567, 0.006043046111567324, 0.003023903660502392, 0.001831525862138306]; [0.5456781026299267, 0.3322156707312243, 0.18195024263283818, 0.09618822321642267, 0.04851131425628193, 0.025283527838602052, 0.011828563144021302, 0.0067156065208913525, 0.004015991930924472, 0.002136772346334447]; [0.5890383710664931, 0.37094433488698497, 0.20711873670827638, 0.1075922878281496, 0.052255341486479374, 0.0297716655494772, 0.015529749043396546, 0.007860284659437363, 0.004521550875399315, 0.0026471359754466216]; [0.6206702976280803, 0.39706312510093794, 0.23045166797399028, 0.12382760401401043, 0.05808383246081018, 0.033363292645649405, 0.016698307962803208, 0.00923869593056388, 0.004473868004511655, 0.0026041891984897917]; [0.6640019447510563, 0.44323698893435987, 0.25204396701215886, 0.13559448970022883, 0.06968368910342183, 0.0335682832565222, 0.019402634895565637, 0.010574174210465038, 0.005551795980294566, 0.0030525268143023615]];
IBLSH2CandidateSetList2D = [[2226.5967434242834, 1114.15615269622, 560.5633610097808, 294.5520950740581, 139.83685625134183, 72.18690615246216, 36.90685689074255, 19.027292499609867, 9.409915878652413, 4.91871549693387]; [4172.247822729066, 2170.843096753662, 1135.076522297461, 575.9577181813721, 287.8130442715594, 143.94650056333884, 73.91738866716508, 38.76703463466765, 19.86860719411278, 10.485389091887578]; [5900.613856127704, 3146.4486790159112, 1633.0687776735533, 841.8525100355581, 425.3241572690165, 221.20513941066181, 113.15616416943412, 57.315613234625424, 28.804895138958926, 15.260840782200637]; [7361.946995705249, 4103.293816770433, 2163.1719810435065, 1139.737268177069, 570.7731317059554, 289.95383767945356, 149.20969794035105, 74.4413350994948, 38.07804200409856, 19.5509019984849]; [8681.207844759825, 4915.8333387308685, 2651.461346335542, 1405.591131837855, 710.1564152372566, 362.18914970525765, 185.0925814230492, 93.28342044531196, 47.571942234589564, 25.16267768635019]; [9803.058947288317, 5773.876303028429, 3146.8869601830193, 1647.1561332011872, 853.5202146765988, 436.68472050183874, 222.66649588297363, 112.14035219096691, 56.41267237344264, 29.291282689574746]; [10771.311608482021, 6492.281436047814, 3589.577144173465, 1929.7313235592271, 991.2257390892224, 501.49515379407256, 255.58863936313745, 130.49761555444738, 66.33237257391164, 34.415021123273355]; [11600.26089028287, 7180.169629275712, 4065.988809365332, 2161.8672795427533, 1117.183156965145, 575.2108760671675, 292.75583093378276, 148.81439637316933, 76.35203002666665, 38.96975781267525]; [12339.867702185207, 7862.33336150537, 4474.270077739897, 2401.7263254841637, 1257.7522467298677, 647.7224222824126, 328.27466088904015, 168.4597843816741, 85.18598727321968, 43.536240743172726]; [13002.054206642017, 8498.678888498898, 4918.74054189719, 2659.766032687328, 1388.525921534584, 717.5031832245818, 365.32874102241044, 187.36245924179494, 94.7729995390816, 47.89196889298055]];
IBLSH2PredictionCoverageList2D = [[0.9136657866772749, 0.8043660483570361, 0.6679178777737046, 0.5319988035532602, 0.38569240526792603, 0.273860211481769, 0.1818121242906071, 0.11204247030925225, 0.06313967142390663, 0.03962107393821957]; [0.9769152556423973, 0.9191842187696578, 0.818092758944172, 0.6856985768042514, 0.5390397985099781, 0.40021079167840173, 0.2852974360513432, 0.19148938281803832, 0.11675925842016756, 0.065691459678002]; [0.9916532060119937, 0.9598591942565715, 0.8851770004702549, 0.7673970919097366, 0.6277865674231731, 0.4904993338039707, 0.3622021683118161, 0.2485904478200519, 0.15569810764237516, 0.09407503476294436]; [0.9963226628725419, 0.9786847342652644, 0.9238679129854562, 0.8263300493438329, 0.6903159741713275, 0.54888831699379, 0.41804405040790665, 0.29121641982671664, 0.19089786289219643, 0.1170884406983486]; [0.9979156849741494, 0.9874798501727046, 0.9475967212012183, 0.8659367078621871, 0.7393708569955427, 0.6000563926325504, 0.46284480704091174, 0.330579805459376, 0.2223868915395216, 0.14545808282303174]; [0.9986788206363134, 0.9922256015238827, 0.9629356045137308, 0.890891024626419, 0.7761108901081936, 0.641241601393766, 0.503729545199612, 0.36571232167696327, 0.24887188880465494, 0.16314364604828038]; [0.999155786525021, 0.994662842696633, 0.9728801227094442, 0.913241279132747, 0.8064835589659868, 0.6715045004199572, 0.5291232278617177, 0.3976927908033853, 0.2773847028729575, 0.1811153983604643]; [0.9993370247993721, 0.9964132840570653, 0.9805305703741833, 0.9277790231718352, 0.829444468742197, 0.6994209573844739, 0.5594911940075958, 0.4225658486220875, 0.30298293982625063, 0.19924473953197583]; [0.9995087311680071, 0.9974911930593416, 0.9848327089415059, 0.9407187586040217, 0.8515180782178131, 0.7263165529806166, 0.5852946648115407, 0.44890347975487194, 0.3227243599515852, 0.21684921505032237]; [0.9996899742198989, 0.9979490896762315, 0.9883860495979858, 0.9509878402359089, 0.869385145069939, 0.7490532891045015, 0.6096288274992089, 0.47030481116461775, 0.34024780576898217, 0.22912104652126578]];
# ========================================================
# test case: UBLSH2 2D
# ========================================================
fileName = "amazon-movies-tv"
k = 20
UBLSH2Mae2D = [[0.9288111896209831, 0.9590551113368564, 0.9945433375019516, 1.0289021820125583, 1.0388855209522176, 1.0577704696674577, 1.053684725707373, 1.0589670643281321, 1.0591547258778868, 1.0556612647287167]; [0.9005852904081121, 0.927201185180934, 0.9578838261317698, 0.9865698385111856, 1.0205458169212724, 1.0347417524312157, 1.0616435918906533, 1.060569408473764, 1.0620440442371069, 1.084583583546858]; [0.886594598160273, 0.9105699072526902, 0.9361935109604862, 0.9656058019270383, 1.0022981439370848, 1.0248226365489732, 1.0441647870466577, 1.0504856593899168, 1.0583499947933839, 1.0520317312930165]; [0.8798118542289369, 0.9003004293097612, 0.9255637035753881, 0.9550572358872159, 0.9851275044683726, 1.015286471213965, 1.0338771411560284, 1.0427017852165628, 1.065352647057303, 1.0656885700897976]; [0.877234841031176, 0.8929678230816597, 0.9153640093041955, 0.9473940352303281, 0.9731110799713169, 1.0047378430441711, 1.0299019834565228, 1.048132845731191, 1.0655261427075382, 1.0525056809133349]; [0.8734206655372277, 0.8878323981985039, 0.9079527956550741, 0.9328321849597542, 0.9649182822411974, 0.9941154460100954, 1.0267572726803278, 1.0401797602107403, 1.0510151650659747, 1.0587659034368626]; [0.8705001581564294, 0.883145198390646, 0.9035248151980363, 0.9286269372542231, 0.9592277619748849, 0.9889159838305557, 1.0152975964845419, 1.0443681634734265, 1.0434637958214539, 1.0653553194142351]; [0.869142099446209, 0.8790500266459285, 0.8985234613480934, 0.9236338510508099, 0.954728795421342, 0.9842184358498173, 1.0107026353306374, 1.0392212947948847, 1.0518189847129138, 1.0558281986634537]; [0.8670520305230123, 0.8774287239900054, 0.89582045371102, 0.9172804985408343, 0.9455195295963664, 0.9746388142490606, 1.007804191897704, 1.0355846607042622, 1.0481596848735304, 1.0506717105004275]; [0.8662903895614908, 0.8754363252651624, 0.892208031080839, 0.9135178360979981, 0.9412944619150384, 0.9716587977187898, 1.0033459174528885, 1.0283064447324377, 1.0472072227693667, 1.0556139604147572]];
UBLSH2Runtime2D = [[0.09935524196791388, 0.0527325607872007, 0.026590463226387598, 0.013330978188478984, 0.006653556279036354, 0.003415035304146987, 0.0021177017097058206, 0.001268709416769445, 8.53751045538647E-4, 5.628135105862345E-4]; [0.20449587566081048, 0.10220742785789859, 0.048869075392770404, 0.025936892304792944, 0.01314495488487522, 0.00657247177776975, 0.003963519117728926, 0.0021033867545036476, 0.0012543936424171387, 9.205306926090903E-4]; [0.29346732600080405, 0.15798269048618446, 0.07905095441300251, 0.03982597575567075, 0.019979763635546623, 0.010631382161784428, 0.005050972992478488, 0.002718652739792323, 0.0016312056897119023, 0.0010397714140082356]; [0.3630514443165323, 0.20283140953953574, 0.10761137040581796, 0.053762745216852564, 0.026461640640430283, 0.013040036421910038, 0.006114619659687917, 0.0034388599160128097, 0.0023466486532081007, 0.001354551919992387]; [0.42034726846000475, 0.24744601006484981, 0.12705657301905895, 0.06618277382540427, 0.032929242480498284, 0.01669834017655635, 0.008241819969244389, 0.003887222101759244, 0.0023800260553831984, 0.0015501005087494978]; [0.4855623699396108, 0.2918747695619623, 0.16000991706914733, 0.07980476858192666, 0.03698329242146658, 0.020170557497190187, 0.010326162227025114, 0.005575625164364409, 0.0028808459031677077, 0.0017170546084244115]; [0.5364442851664366, 0.3232635000904122, 0.18359072668398999, 0.0890768415024979, 0.04758605818535231, 0.0236237035679973, 0.01229597992784822, 0.00608596279057928, 0.003477000370119929, 0.0021272392802655364]; [0.572053937073386, 0.36021739247134626, 0.20180060294958957, 0.1070198919034775, 0.05000415876455041, 0.027019690416239667, 0.013493107674554585, 0.007264083577693141, 0.003963534541936441, 0.0023323166355860327]; [0.6018780452723341, 0.38428010178856326, 0.2299799406352311, 0.11636331287994017, 0.058713534542847584, 0.02959998845990064, 0.015200694530928168, 0.007679028026008289, 0.00438322538991005, 0.0027043573723494353]; [0.6420709294047451, 0.41084652889638723, 0.24797069083101575, 0.12561663628343087, 0.06679319827282468, 0.03263829334105082, 0.017065577184489405, 0.00888096366474522, 0.004774359421797746, 0.0027806630557464817]];
UBLSH2CandidateSetList2D = [[2019.514527489102, 1031.6252844860376, 517.2977665336172, 255.31814862828858, 130.4894679480909, 65.6022063361533, 32.41440293389806, 16.392352712974844, 8.276989196178546, 4.221443182445102]; [3813.447635430913, 1992.91220010476, 1004.3680537682816, 513.0755571790017, 261.002856225832, 129.85096574473945, 66.68721903257735, 34.79318161903294, 17.523133640772862, 9.396401177503712]; [5354.684799782368, 2872.576572026857, 1490.840175341401, 757.5854451982053, 388.87134059935244, 199.15365730547705, 97.98866503001254, 51.03545898908926, 25.58222198212734, 13.64377563504119]; [6759.965333450091, 3709.791737614096, 1959.9753374811874, 1013.7159370990606, 513.210016288209, 261.51440079326215, 132.12008458167654, 67.40152920038592, 34.20582634186858, 17.673089164465665]; [7893.115692276562, 4494.676744326447, 2422.8460789538717, 1248.9555303880222, 641.3316115536924, 325.94954251438213, 164.2654319572025, 83.55164667154547, 42.523748005738675, 22.018482826197257]; [8938.7757394918, 5208.848372880613, 2857.2886645223957, 1497.416367182968, 763.9435559326639, 386.4604133456887, 197.0019224114285, 100.01989008705034, 51.18064024440022, 26.2572686868029]; [9843.175002604816, 5941.143348404, 3267.4737930559154, 1719.9490352026496, 893.3068757751367, 450.2394723743203, 228.2001077625574, 115.72794694743322, 59.56569396787862, 30.149220751483554]; [10620.086428792742, 6573.0024024867935, 3683.781872788903, 1954.4041184819473, 1008.3181383843421, 516.6671434496699, 263.2497041339147, 133.45657899999966, 67.317331173773, 34.51624993414407]; [11309.132893849526, 7171.043553411561, 4071.171719978001, 2178.7160897493177, 1135.724964598221, 579.6707454981047, 295.0802707716994, 149.2254194980217, 75.71694962534893, 38.64944858045581]; [11913.07812021843, 7745.091994404723, 4454.33045444148, 2398.4574474617807, 1252.1409322595625, 646.1944997576652, 326.5390636478192, 165.35886796182916, 84.3631126502357, 42.833493578549145]];
UBLSH2PredictionCoverageList2D = [[0.9054383067802334, 0.7919842438079744, 0.644413613670714, 0.47199312188995135, 0.3193757498706771, 0.19967850140804555, 0.11295304055614493, 0.061637130461679866, 0.0342982201933574, 0.019207024881710204]; [0.9720359487506592, 0.9095974251969107, 0.8000209508643588, 0.6567472646322795, 0.48839082439383824, 0.3244603410518778, 0.20337004907064027, 0.1242425639557404, 0.06301571979425735, 0.03454130621298983]; [0.9901460417018627, 0.952170570444232, 0.8721371677045683, 0.7469976190046984, 0.5927256832455161, 0.4302829411401998, 0.2708454995717517, 0.16866166809411273, 0.08959177374321915, 0.05324740314001508]; [0.9963035732624945, 0.9732570092857785, 0.9123732413197434, 0.8091500608975887, 0.6632817784560164, 0.4970669312769001, 0.33739105262991415, 0.20978052547476878, 0.12069440144868539, 0.06687432010764262]; [0.998282950851522, 0.984212682224903, 0.9389779277058551, 0.84537496726157, 0.714254443304322, 0.5548742375310032, 0.38937911316541235, 0.2462248778633659, 0.14717005804050506, 0.08444554427859158]; [0.9993036388662507, 0.9901221803714894, 0.9554090873240737, 0.8773025938656115, 0.7550006929948682, 0.5973948946110078, 0.4320000676125915, 0.2835183107241561, 0.17018829295057525, 0.0980146941243145]; [0.9997376720372225, 0.9942574399821656, 0.966727402930466, 0.8984223649282956, 0.78956134373042, 0.6358423461410245, 0.47135387745673735, 0.3115870481125328, 0.19349708361284698, 0.10974328333007748]; [0.99980444636074, 0.9961080246054089, 0.9749405820017881, 0.9164417052458558, 0.8116970431685431, 0.6717955547966872, 0.508480128601378, 0.3484085691536684, 0.21435448268714707, 0.12526362898218305]; [0.9999236857171526, 0.9977964462319896, 0.9810503930177449, 0.9298395294881509, 0.8353398611186943, 0.6993352078409488, 0.5391533765112838, 0.37344405340766024, 0.2361800165714946, 0.1356565602096119]; [0.9999332256082422, 0.9985691159156779, 0.9851570585496612, 0.9399557330976439, 0.8521715737906028, 0.7249907405856367, 0.564208144684438, 0.3973444179087002, 0.2570230326459862, 0.14965990361442463]];