# ========================================================
# test case: UBKNN Prediction
# ========================================================
fileName = "ml-1m-new"
UBKNNMaeList = 0.7794051066229167
UBKNNRuntime = 75.79763404020154
# ========================================================
# test case: IBKNN Prediction
# ========================================================
fileName = "ml-1m-new"
IBKNNMaeList = 0.8108981165106132
IBKNNRuntime = 2.1582514747362493

# ========================================================
# test case: UBKNNLSH 2D
# ========================================================
fileName = "ml-1m-new"
k = 20
UBKNNLSHMae2D = [[0.8024063020433432, 0.8163907707497398, 0.8403529524695061, 0.8777118623276244, 0.9239902014803377, 0.9715203914783346, 1.0209994214726517, 1.053465110756853, 1.0775511713929504, 1.0886270688798156]; [0.7924833347151453, 0.7997184577716375, 0.8132486120332963, 0.8352781472956025, 0.8672285226412685, 0.9114976759229898, 0.9567536489150043, 1.0062358384548002, 1.0388545207917304, 1.06848647126561]; [0.7891461567630303, 0.7942083086223762, 0.8035696137208946, 0.8190054297746613, 0.8426484880037144, 0.8803455323104443, 0.9244703422084513, 0.9757481251565306, 1.0137554846545684, 1.0432077798669468]; [0.785936870099876, 0.791660747952414, 0.7982239557973826, 0.8098703246293061, 0.8291380671591267, 0.8622666810680033, 0.902762682130481, 0.9497279835561042, 0.9930983437046739, 1.0323904921136289]; [0.7854903049829568, 0.789641997174856, 0.794630220606812, 0.8045657781695231, 0.8204305388357503, 0.8468449882417955, 0.8845559033043978, 0.9306772606151638, 0.9759316071749016, 1.021071518490463]; [0.7853370364877303, 0.7882392098237491, 0.7933581675421463, 0.801315386513669, 0.815803334368589, 0.8370676745252172, 0.8730408199802957, 0.915611889376594, 0.9594842636156518, 1.0059746052639376]; [0.7850274269656712, 0.7865045325430629, 0.7916420975365072, 0.7985689260546766, 0.8116090062974433, 0.8322251117854155, 0.8628665676093079, 0.903896743409534, 0.9500605038535004, 0.9970896382873805]; [0.7842098621693433, 0.7855370091436574, 0.7904971228980449, 0.7967390792145492, 0.8086286240313493, 0.8258421097945634, 0.8545614838090846, 0.8926431493795629, 0.9405294509203849, 0.9849532107340796]; [0.7835282870670084, 0.7852310320937225, 0.7892805689743191, 0.7946110214396739, 0.8037850431348664, 0.822033456407615, 0.848444547408285, 0.8870215206772062, 0.9275536240776435, 0.9707721809005371]; [0.78332285190817, 0.785483232138206, 0.7883419690861581, 0.7944027600085999, 0.8027417849994745, 0.8192016103942725, 0.8435648992967925, 0.8798735114942691, 0.9210086671288823, 0.9670410869107133]];
UBKNNLSHRuntime2D = [[0.9041955828499418, 0.5410682298166963, 0.3470238799801086, 0.2740513086110637, 0.22962254455399336, 0.23112264613192365, 0.24317050030884632, 0.31744321525068314, 0.43986041083973304, 0.6787220543596533]; [1.8745252184443455, 0.9634925784884977, 0.5640061767061898, 0.3763630578473363, 0.28880840215366776, 0.23434008055830502, 0.22287799544957934, 0.24750997491347362, 0.2979576325766427, 0.4103290889648355]; [2.726171913116133, 1.3969006355539155, 0.8015635798534578, 0.4809834333946175, 0.33739953695133623, 0.2478851138702486, 0.2300524749613783, 0.2354820314889071, 0.2560398587230319, 0.3181859898905903]; [3.479342768810605, 1.9757622317665706, 1.0359851236846807, 0.5946302874323094, 0.4073751663926766, 0.28318573647034534, 0.23482145495780893, 0.2270638510528987, 0.23988671596403122, 0.2754661545913449]; [4.286354516200896, 2.607090066302275, 1.1612481118347817, 0.71866318714304, 0.40712404100414523, 0.3232784454370534, 0.2432621947946435, 0.19864362180791773, 0.22211450547275136, 0.2665822569499208]; [5.45425785293683, 3.1614914844183115, 1.5733766184964084, 0.8801126880342854, 0.5240161106451909, 0.3428956705825521, 0.2668217628435255, 0.23050065086699503, 0.22292979959612616, 0.2358517947715494]; [6.2556126270317804, 3.364940167737855, 1.7607979874887274, 0.9540275650942066, 0.5584509310743436, 0.3768355464888555, 0.2726329346988772, 0.23959270284084186, 0.22681092173917575, 0.23771001972746264]; [6.704841831256306, 3.7979867136652388, 2.0780090481397275, 1.0867014233228904, 0.6093725484491794, 0.4094092302500783, 0.302446330402584, 0.24528996047275495, 0.21393516862808235, 0.24097896599728164]; [7.063880436343923, 4.1660914325706955, 2.338167107099498, 1.2078777422649567, 0.6976172192037647, 0.45053463056183896, 0.31032336066163396, 0.2590309928283771, 0.23065176782629185, 0.21743075936716916]; [7.366611037929007, 4.635409596954596, 2.847383904254642, 1.3292194821902223, 0.7601982913740314, 0.47737241938259406, 0.3251578567524361, 0.26004740385663566, 0.2184945499517209, 0.23509904528342176]];
UBKNNLSHCandidateSetList2D = [[8731.967564852115, 4345.352839678742, 2185.1449275780956, 1130.0672508864016, 546.1517282456433, 287.53742705842575, 145.8637210590955, 74.78863335572306, 39.40381304040741, 19.964631188563335]; [15607.316933658723, 8347.377277236941, 4298.407209025324, 2126.4848940224474, 1139.4406741638813, 565.9934036995178, 302.69507462140746, 150.4128364381182, 80.6715440481911, 40.52220411224095]; [22110.37580291353, 11765.4809351725, 6255.695420452769, 3260.336716463775, 1665.0620659102008, 856.4625383868532, 429.5452359312196, 225.60018583943915, 117.76967266671356, 62.497217396722824]; [27741.817575956054, 15437.049011384637, 8470.881633227962, 4288.288265762095, 2228.563686373592, 1104.5357532261798, 583.1098008784683, 298.2869702345883, 154.5859671925085, 81.98827627671707]; [32277.32376998477, 18684.901018100572, 10086.779837886565, 5383.034177759638, 2748.057704674326, 1410.2035160335797, 741.3056613034341, 380.7491942462357, 197.17126130491832, 101.22951428357977]; [36602.223346813786, 21849.98515946241, 12084.532507405404, 6438.821393215079, 3302.885277940493, 1695.5924242564442, 866.9901319494292, 453.0620686989023, 235.37992628509232, 121.62507400258538]; [40100.670365744474, 24294.25938888929, 13583.766576722172, 7371.913342147526, 3756.97668569286, 1963.1215030227233, 1021.2222462485133, 528.0596346787291, 272.8198477055668, 139.03879400657672]; [43285.3568009413, 27126.560296253563, 15479.141240828007, 8300.498066774697, 4265.050415428492, 2247.5617338948455, 1148.5651012042135, 601.4628241874127, 302.5937983445138, 162.50290458323138]; [46170.216752231274, 29639.433458714484, 16951.698583150384, 9315.455712499668, 4919.678202662602, 2519.3302394392063, 1307.5610197969754, 679.0493506795191, 349.7957447981139, 181.86627051716883]; [48518.58201596353, 31922.420463080914, 18684.459421234398, 10236.346919163743, 5365.838298946037, 2759.425999718347, 1442.9367136650887, 742.6646779446279, 397.6510307746833, 201.68235457802817]];
UBKNNLSHPredictionCoverageList2D = [[0.9930731225985044, 0.9838249863133788, 0.9645282181260404, 0.9247689609135112, 0.8539961637946386, 0.7404798433843124, 0.5940467785055535, 0.4453602212937726, 0.30880575658753434, 0.1945150101397615]; [0.9972332643672243, 0.9932673912019978, 0.9853858732407309, 0.967147550110529, 0.9334711408332369, 0.8672101533796902, 0.7660471153920886, 0.6318599837502968, 0.4826006868759956, 0.3299751412511424]; [0.9983989168819177, 0.9960743161263874, 0.990842309814486, 0.980200766552845, 0.9594804228288764, 0.9170248189717928, 0.8396735544557478, 0.7241874697386042, 0.5848187017043515, 0.43334215354910005]; [0.9989984825345649, 0.9973706013392422, 0.9937564228423946, 0.986246705636157, 0.9707817577904069, 0.9380130137139631, 0.8784580101639673, 0.7799677119894812, 0.6493887398535604, 0.4999450364271376]; [0.9992363029999863, 0.9980070096997681, 0.9951699396095831, 0.9894355075851927, 0.976811009395601, 0.9524597352437573, 0.9055492484557869, 0.8240677473617151, 0.7038856917720185, 0.5523552272513644]; [0.9994540246123059, 0.9984659008849364, 0.9962719467954259, 0.9914887528759931, 0.9815607006281346, 0.9608537772317458, 0.9210275548675472, 0.8499398519330258, 0.7446232620083381, 0.5970886715823381]; [0.9995310621649659, 0.998666872583934, 0.9970121956666542, 0.993086504556652, 0.9839623051108776, 0.9676433070587445, 0.9329317554455349, 0.8714069498847042, 0.770970702214259, 0.6311971865851046]; [0.999651648718487, 0.9989649879246775, 0.9973471481615, 0.9942019044697545, 0.9863103447392717, 0.9715220768379469, 0.9410644786923509, 0.8879271017179934, 0.7926825719544882, 0.66555356855276]; [0.9997219867095829, 0.9991190611786712, 0.9976218079691165, 0.9948249236364534, 0.9884842146166144, 0.9751161672527832, 0.9491167960912176, 0.9002366920712374, 0.816273416766597, 0.6936363231051218]; [0.9997521318753781, 0.9991994586092913, 0.9980036641260269, 0.9952402691863936, 0.9893651408163886, 0.977832616796403, 0.9547609228770412, 0.9089991981644893, 0.8331116237600447, 0.71799724202348]];
# ========================================================
# test case: IBKNNLSH 2D
# ========================================================
fileName = "ml-1m-new"
k = 20
IBKNNLSHMae2D = [[0.9092466897356289, 0.9518574149470536, 0.9919038057960642, 1.019270454916094, 1.0407797666586531, 1.0648849145176216, 1.053230906234583, 1.0661806905373152, 1.0502765386252706, 1.049166499581794]; [0.874727871143444, 0.9117205573281505, 0.9526393414462526, 0.9897973675530117, 1.0171701812379297, 1.0405252824988946, 1.056968617994703, 1.0636598762285259, 1.0565421551347978, 1.0665837550026533]; [0.8556030264628064, 0.8870374245016457, 0.9253340404949238, 0.9666380734859308, 1.000588667344082, 1.0307182329804785, 1.054306835198902, 1.0545847139471631, 1.050258890072888, 1.0572336904566997]; [0.8447999213455503, 0.8723897491474233, 0.9089241997655392, 0.949394962386331, 0.9884307017672561, 1.0121587209964196, 1.039480774406674, 1.050994903867256, 1.0609526921336057, 1.0671260878520934]; [0.8367249101046372, 0.8640599928309057, 0.8936265727455268, 0.9328922901121453, 0.9737058300748765, 1.0090605687351935, 1.0303216513729607, 1.0423653389570544, 1.0442597304361143, 1.0600370007122493]; [0.8307374886492406, 0.8557045675205485, 0.8866755509898976, 0.9252350656881562, 0.9626727624043839, 0.9969251982340391, 1.023917069967086, 1.0509755908528946, 1.0560287127722123, 1.0612933985341415]; [0.8289577795763181, 0.8501995966477199, 0.8801132798549897, 0.913288261901935, 0.9523987620947253, 0.9898970543234281, 1.0210955531809691, 1.0407606396342832, 1.0523896629099656, 1.0530874682879359]; [0.826183028663167, 0.8451949684674852, 0.873027716844056, 0.9061196575676775, 0.9453023528998322, 0.9836302468774211, 1.018496183497019, 1.0273297050041077, 1.0583576530015062, 1.055889545904606]; [0.8236968568882496, 0.840691784064588, 0.8663067770902987, 0.8985706132571405, 0.9373424469318247, 0.9799301363833538, 1.006995963404975, 1.0381469030692199, 1.046265824185177, 1.0454549320036592]; [0.8216654973229028, 0.837351690872257, 0.8618971428953707, 0.8950076445766775, 0.9343673085081973, 0.9753758650096959, 1.0043380253504348, 1.0300133296552945, 1.0479303611414756, 1.0491924798141767]];
IBKNNLSHRuntime2D = [[0.7482306830649886, 0.4642749278757566, 0.31187797656936705, 0.25825897282945637, 0.2158243878194854, 0.18552508159597556, 0.16882049016819609, 0.17572744480851718, 0.30417338994319604, 0.3065122774173759]; [1.260080863273087, 0.705000172269873, 0.4641060514276045, 0.3264593645579876, 0.27031916465299993, 0.20447422715895125, 0.16487199902079963, 0.19961145694336327, 0.3927739559157289, 0.27427038259483877]; [1.6936766443416928, 1.0124981494395067, 0.5955362767944131, 0.4114290327347521, 0.2694745708431839, 0.23014714327622166, 0.21032963117899475, 0.1957375111241572, 0.22172373895025302, 0.2794765706391415]; [2.1428825981121, 1.270033112383332, 0.7727938451080417, 0.4641115107489729, 0.33369763140432235, 0.2545280125664488, 0.2139619634299709, 0.1818853534478421, 0.1990936424477725, 0.2192816491885072]; [2.545163486472505, 1.5061662849931048, 0.9104895077221707, 0.5663134914148013, 0.358907205807137, 0.26715764801356173, 0.2290656937276525, 0.19965214965159808, 0.20869293625563667, 0.21276049798840346]; [2.9314207762254014, 1.7273061784821937, 1.0107502058312479, 0.625855897481142, 0.39847352581194445, 0.2777049996798628, 0.23543814351922446, 0.21329897463671887, 0.20334234650639096, 0.21192958802075845]; [3.1151072199155627, 1.9371620177210211, 1.1339052438436117, 0.7094800167778335, 0.4367603476268654, 0.32162027986105374, 0.23459156764134617, 0.2028649051016519, 0.20905429330036304, 0.23399696772181233]; [3.3835913064600507, 2.1670799397285276, 1.2790570461797535, 0.784021356121316, 0.47364897255986227, 0.33398212245440906, 0.2640936446861526, 0.2237294648701598, 0.21223840611976116, 0.24299328409628043]; [3.5953927403548285, 2.4408720828691277, 1.4391145757238133, 0.874497443643106, 0.5310815387630045, 0.3465771989836222, 0.2731051198489423, 0.23117169566925963, 0.21870595543392327, 0.24270264126451915]; [3.813617821302561, 2.6141552269951114, 1.5384380460101237, 0.9340348088997111, 0.5580046276721536, 0.38104836562630234, 0.2860106496618063, 0.22278437735360532, 0.23034709964066322, 0.24412096386740045]];
IBKNNLSHCandidateSetList2D = [[734.630404976851, 370.0831221243481, 182.7959647791481, 93.43652946565963, 46.1171186303365, 22.684710086608902, 11.929351387421134, 5.621614306176153, 2.6789177567652156, 1.29145380159523]; [1361.2344406987647, 698.2911102264242, 359.39834029124773, 182.29124310815095, 92.7867806038801, 46.23503147970913, 22.5870939062126, 11.457948875291839, 5.8104780755939975, 2.9026632769857112]; [1895.9088413963661, 1020.4351548606452, 530.0449856230374, 273.71571673975114, 136.6300401316755, 68.8504096719342, 34.70049552723151, 17.47370744236762, 8.494758381159947, 4.306610585838729]; [2394.1351165323595, 1321.8577127861404, 702.7837490948499, 361.6961131082464, 182.09082707730988, 91.41620516086591, 46.638580151476326, 23.52163610755058, 11.619691769113913, 5.623038557107486]; [2807.5929194765763, 1593.703053095331, 866.8262778611894, 443.8951953414814, 227.86929251462502, 114.5246034164068, 58.94299256077306, 28.901272577806083, 14.768363331021897, 7.318242027009369]; [3190.6437504683904, 1852.7943629899428, 1010.039805127948, 531.2727322178948, 272.49904081534174, 140.20866700859486, 70.17891333651453, 35.09129227011851, 17.49860777676874, 8.761916151242774]; [3492.2982880869167, 2101.3085474402374, 1156.2908495053068, 611.2020040675023, 315.9678073585519, 162.58584801880724, 81.41352411970333, 41.00878803491798, 20.557645924195842, 10.132094340681435]; [3780.393294805281, 2324.0914206664634, 1302.273355381308, 695.555190303064, 358.00157847660665, 184.69247396573743, 92.64680652221195, 46.529940306621995, 23.69451674796441, 11.804333855875873]; [4014.9014836424944, 2548.8370907868543, 1448.4439909203984, 780.3939057025173, 402.0676028649354, 207.37621064585326, 103.45950925263416, 52.389054410782954, 26.202977363685765, 13.193193797380337]; [4231.879821185059, 2745.0049756743106, 1579.476976036269, 859.3053895220663, 443.70954896252965, 228.28549706655124, 116.30751636500281, 58.64906650560497, 29.49150293183145, 14.754703573096343]];
IBKNNLSHPredictionCoverageList2D = [[0.8534301423933147, 0.7177731925882864, 0.5477660760847686, 0.38481393370809713, 0.2393828543089291, 0.1325719750555764, 0.07624945808860432, 0.0392569541832177, 0.019899823809472684, 0.011167458502584137]; [0.9391888301748099, 0.849551363850327, 0.7238424145531374, 0.5563010451334938, 0.39212623229695925, 0.24189874597153072, 0.13623333928024428, 0.07597125883953898, 0.04261612205863465, 0.02246879632142738]; [0.9664575556911018, 0.9099974708600075, 0.8101406583628635, 0.6663208608373975, 0.48944712530066026, 0.3273088224861915, 0.1974399578976945, 0.10940305099912484, 0.05987005527579838, 0.03317418299770222]; [0.9796380658207967, 0.9391151176645159, 0.862102069099015, 0.7269508528931447, 0.5626015973422828, 0.39418246302432564, 0.24751220068653948, 0.14196079035906564, 0.0783966439917781, 0.0404157566845924]; [0.9863807052798537, 0.9557524320602164, 0.8940869407491984, 0.7833541605826172, 0.6251146720346501, 0.44757757755882627, 0.29900448442326116, 0.16811768165619825, 0.09963584057183612, 0.05318078932834271]; [0.9901891581037999, 0.9665413382443124, 0.9119670372655834, 0.8159791547309072, 0.6678644760210362, 0.5034186240932691, 0.333853391693763, 0.19971733038781828, 0.11242455593141754, 0.06050638353238505]; [0.992594154608554, 0.9744060990564766, 0.9266681300894032, 0.842714808028652, 0.7071116346224317, 0.5448121694106853, 0.3664414238110489, 0.22367991012910818, 0.12887740568508102, 0.07099387710133953]; [0.9946474047788373, 0.9797251789707584, 0.940130060338637, 0.8659439724332665, 0.7326517288834525, 0.5681184225139616, 0.3972772853227922, 0.24859393145792189, 0.14735019412274783, 0.0836919602334409]; [0.9956757248650919, 0.983386225451882, 0.9518769284240441, 0.8806854152671821, 0.7625365572639765, 0.6042398683212211, 0.4290849055225259, 0.2725636123221246, 0.1582698112601549, 0.09194864757514624]; [0.9962753060006143, 0.9864176095834813, 0.9576617020722065, 0.8941644003655115, 0.7847306560872146, 0.6244978564895363, 0.4562327280997758, 0.2963721322967608, 0.17755982772151144, 0.0994618078014844]];
# ========================================================
# test case: IBLSH1 2D
# ========================================================
fileName = "ml-1m-new"
k = 20
IBLSH1Mae2D = [[0.9095809070197555, 0.9445773262535835, 0.9816869517718961, 1.0149084560283705, 1.039084454916184, 1.0509848756771232, 1.0512536457823032, 1.0558374341999546, 1.0679727631206297, 1.0731888405836665]; [0.8777079725077869, 0.9058783777981109, 0.9432798378954249, 0.9832175840635019, 1.0150320834857818, 1.0360153899573725, 1.0605852534860454, 1.0504902452885811, 1.0736297232313559, 1.0379763950827348]; [0.8625291354903979, 0.8893282750256287, 0.9209122714744966, 0.9586343515702659, 0.9921588010492811, 1.02075668537616, 1.0369066950628751, 1.0604012392366675, 1.0597220521815085, 1.0521091143371548]; [0.8559625281496777, 0.8782515642021919, 0.9094607505409212, 0.9452887474731115, 0.9774743995338051, 1.0131703485439933, 1.0404185294503383, 1.0446401197421449, 1.060753490187471, 1.052863398594204]; [0.8514350092667913, 0.8698174496445118, 0.8947446275569577, 0.9311194734594669, 0.972390941135341, 1.0057793237840422, 1.0251384691936847, 1.038092554895414, 1.047828409065694, 1.0656000960955219]; [0.8464749905947225, 0.8625767916222961, 0.8886982729424894, 0.9214858656244388, 0.9600879751363731, 0.9911894279564759, 1.0198200914423539, 1.041473918275682, 1.0511976577942723, 1.052764135287003]; [0.8436257513103076, 0.8573946247826058, 0.8801149708219066, 0.9097016340388118, 0.9518326516157982, 0.9842589139042378, 1.0190276639025566, 1.0401570724030555, 1.0477116913072135, 1.062856136143396]; [0.8421170381780945, 0.8552759568736633, 0.8777250251928462, 0.9060356707442088, 0.9430630938132479, 0.9737957260442869, 1.0076188005855826, 1.036737890123592, 1.0504794089198564, 1.0651266420320458]; [0.8403854274443076, 0.8514722396631451, 0.8729492369218977, 0.8998138306613527, 0.9348011143527813, 0.9725968163865145, 1.00703391962972, 1.0297186061031731, 1.0537227371073792, 1.0585701106128569]; [0.8383288481913915, 0.8486607241260581, 0.8694916449276754, 0.8938975924118034, 0.9283977422414914, 0.9686391437586385, 0.9975201206948147, 1.023381706066181, 1.046687174938768, 1.0418413660214996]];
IBLSH1Runtime2D = [[0.18861662085956973, 0.0980415601086937, 0.037232717062001534, 0.020254205124085156, 0.008136320566589672, 0.0037668440991873806, 0.0018114115142231766, 0.0027792701765020976, 8.236746705276606E-4, 0.002772458322842583]; [0.3853724218238321, 0.18635960543579336, 0.08495963401649657, 0.03431670047843011, 0.028951799733820994, 0.009421916803277086, 0.005447713692758473, 0.002069241296181645, 0.0026549769596138657, 7.801493567956286E-4]; [0.5588815979749934, 0.24785670660643455, 0.11598810294404834, 0.05746209941969201, 0.02287885225338127, 0.014153120825289705, 0.007175219389988947, 0.0032411532537486632, 0.0016708063772239831, 0.0010882077126407673]; [0.6771069448997041, 0.3391767496944689, 0.16980132467592013, 0.07573419942193932, 0.035679575845808865, 0.017367605645139436, 0.009288128386667488, 0.0048918839552465785, 0.0020591931338806587, 0.001279043708069681]; [1.059868336309033, 0.4460417217416614, 0.20219438281743174, 0.09621959275829539, 0.04264703231863509, 0.020354273680956044, 0.009837236729505663, 0.005333796022641702, 0.0028058656761003067, 0.0017846570630655476]; [1.2354221060398212, 0.5011924292037279, 0.23216045929938758, 0.11434388108760367, 0.048433068797551826, 0.02343799241784772, 0.010928824853449934, 0.006505728028816902, 0.003495613713425997, 0.0020491705966769642]; [1.4888846301770207, 0.5774549751288803, 0.2685634914011157, 0.13163443711095335, 0.06318556842809935, 0.02839350621690477, 0.013396531533774535, 0.007965561992588258, 0.0047512291795181565, 0.0023438121435474216]; [1.7993446308919232, 0.6645885341119535, 0.3273188382506671, 0.16542289995992446, 0.08016464391798718, 0.03405879826551634, 0.016768220116693915, 0.008605093026259778, 0.004724428919154104, 0.002842676229092986]; [2.120246131442304, 0.7851873833327186, 0.40513395514389794, 0.19699274814195825, 0.08625603331354847, 0.04096955867288863, 0.01893116343675078, 0.010235726530621221, 0.005019085395321162, 0.0030938289844835106]; [2.552658198451888, 1.0038078084163182, 0.43412656553098966, 0.210677632214577, 0.09475280025656817, 0.042298810635867344, 0.020602079855616823, 0.011029305612779419, 0.0053338393427887765, 0.0033650514940342484]];
IBLSH1CandidateSetList2D = [[723.6672907195043, 368.11470524759096, 180.9106182653552, 90.87159107819123, 46.44176959904694, 23.43107926058529, 11.384563617532747, 5.906899917868205, 3.0522156123565547, 1.513989518735596]; [1353.113532065776, 708.8474242839987, 363.48095969764626, 180.78770545395108, 94.22561312926837, 47.40972003942084, 23.941089053384744, 12.751276413130435, 6.9608986971959785, 3.8272100015800574]; [1919.2724312391692, 1022.7829894222833, 536.2358798559775, 272.9977104702648, 138.66251449961024, 71.66142692061442, 35.71453533120052, 18.416121637875005, 9.89776165991721, 5.406360348470288]; [2376.7263143681243, 1326.0266182112016, 694.9934122465569, 356.95351906819593, 184.21291964611166, 93.39147144799311, 47.485143218637425, 24.83622534291921, 12.872367483834045, 6.942358483708748]; [2806.784440757052, 1590.7158120585864, 861.7560091572253, 444.1184037454747, 225.79465957609395, 117.0281414036615, 59.01496736335201, 30.341959730691798, 15.891052271918648, 8.28769105577907]; [3170.851712347259, 1872.4600476316944, 1020.5045763310322, 532.3388335158224, 270.3367690242471, 140.14554988694462, 71.25257356126055, 36.264308414517494, 18.823928985221972, 9.837669859312628]; [3494.580684404556, 2108.165693078789, 1157.3494460745305, 616.8783624177878, 320.95953777197906, 161.93438025098683, 82.30780119284616, 41.968460235108246, 21.968275473661365, 11.660535851941992]; [3771.7743208760216, 2335.2046020386792, 1311.736137169797, 695.8616973957145, 361.6775276469115, 185.31720259333295, 94.13984160754649, 47.68758304865806, 24.567155662849597, 12.808959438068593]; [4006.88703953476, 2540.9917621988184, 1446.9608367842586, 774.399259094737, 405.68004412354395, 207.28022333298665, 106.31929314170759, 53.3620978083192, 27.697831160185803, 14.539258484492356]; [4225.683918544249, 2764.1755873342704, 1588.8767935548194, 863.3550019645394, 447.3836653365288, 229.44347492033887, 117.21058480676413, 60.20661031825154, 30.58358623175305, 15.968905729662167]];
IBLSH1PredictionCoverageList2D = [[0.8535558832871782, 0.7158542147674107, 0.5482590318263664, 0.37557499831079894, 0.23837111469791597, 0.13973126138508654, 0.07358516711361111, 0.04171983776170322, 0.022701637276834965, 0.011451026115947838]; [0.9381740460959523, 0.8545871426744256, 0.7246677440638019, 0.5544663804475322, 0.3880673980311164, 0.24193016111342924, 0.13489879525864412, 0.07825648224951037, 0.04105340636708449, 0.021194738173599185]; [0.967036186757289, 0.9120370994039129, 0.8109896157228436, 0.6643211637066998, 0.4942100362068764, 0.3287280391381675, 0.19380216875949374, 0.10907375695304435, 0.060466682142718886, 0.03202976551974206]; [0.9775933158812142, 0.939821145951043, 0.8548017710788051, 0.7300098560594929, 0.5664498920082625, 0.3937982996348531, 0.2451552879804777, 0.14605587631554293, 0.07828641146412511, 0.04073193309674823]; [0.98506659328623, 0.9536664209048874, 0.8923293804026368, 0.7784770379394629, 0.6151242255718693, 0.4520786846981397, 0.29085600758188346, 0.17865787197384866, 0.09864737400719158, 0.04898875702020091]; [0.9898279226184394, 0.9670225690271903, 0.9120872052091075, 0.8128474377835672, 0.6611365747324955, 0.5002708428630557, 0.3338442394644696, 0.1998962317025157, 0.11312484049643502, 0.05930833653271724]; [0.9925099030320682, 0.9743020007807658, 0.9315811508090777, 0.8463876257168925, 0.7088395752322079, 0.5353040470810995, 0.3646457968672145, 0.22851758126314392, 0.12974942838658401, 0.06937339245554862]; [0.9940233443777862, 0.979344484156763, 0.9397208823946138, 0.8603561750314778, 0.7391089439213823, 0.5746041144766688, 0.3989752799351021, 0.24779051494938212, 0.14257332804334613, 0.07874851556241103]; [0.9953893942540635, 0.9828567083748875, 0.9494609749272239, 0.8805866779321464, 0.7638922409333267, 0.6022029965108503, 0.4293813062027985, 0.2713521019004543, 0.15849138518287412, 0.09218819355294827]; [0.9961327480574432, 0.9862285579064641, 0.9570114617623124, 0.8973445036818234, 0.7857964928968689, 0.6310115786343046, 0.4567065308270424, 0.29948475232409083, 0.1778578156262668, 0.09853340186268462]];
# ========================================================
# test case: UBLSH1 2D
# ========================================================
fileName = "ml-1m-new"
k = 20
UBLSH1Mae2D = [[0.800412854411484, 0.8088233820471163, 0.8237776986989499, 0.8436253439034299, 0.8721025320309158, 0.8950003182987966, 0.9219692074303921, 0.9390242168589352, 0.9444303330703244, 0.9579678869525661]; [0.7989887384316184, 0.8018787938208863, 0.807500018279006, 0.8185904575401324, 0.8389805870388894, 0.8609889411028648, 0.8909534817335553, 0.9148610222797503, 0.9275976756794968, 0.945343570192969]; [0.7970501837049969, 0.7990728426580072, 0.801642254602637, 0.8097295452324133, 0.8232124832143389, 0.8443059784933614, 0.8719637022456433, 0.8924853100802913, 0.9180498140760553, 0.9323551336024997]; [0.7964062897471567, 0.797664358865144, 0.7996949538597903, 0.8051640973699242, 0.8154293170172829, 0.8342841271703482, 0.857526891483782, 0.8848509520541938, 0.9087557181294718, 0.9312347164235036]; [0.7954297118723049, 0.7957214775621552, 0.7987360114388501, 0.8022857223604342, 0.810397287011741, 0.8260254557162487, 0.8492304231968815, 0.8738418613393547, 0.9002226760940278, 0.9160856593694819]; [0.7950636770938871, 0.7955140967653597, 0.7974960847148145, 0.8010688295407457, 0.8078980145877227, 0.8217219965920485, 0.8421450690956639, 0.8651755871782907, 0.890260421264018, 0.9150493726585386]; [0.7943654111949826, 0.7949455293482005, 0.7964616547391744, 0.7992423410167998, 0.8044459230575726, 0.817662271240981, 0.835338989498165, 0.860759284934239, 0.8833466077632997, 0.9084076219961638]; [0.7939600208151982, 0.7945886660920701, 0.796008596327337, 0.798393338548967, 0.8036767187768424, 0.8135229553959502, 0.8312250659274353, 0.8559643192411812, 0.880988330027724, 0.9046356464082989]; [0.7938920064185182, 0.7951678705170804, 0.796070575269273, 0.797690691469689, 0.8020416520734924, 0.8111447953573507, 0.8277050914252237, 0.8499485776393897, 0.8749001789198653, 0.9005195001143895]; [0.7936717504791427, 0.7937473395059004, 0.7954141002086431, 0.7972435049843276, 0.8008839375361733, 0.8087638218453068, 0.8249896536964382, 0.845206582944619, 0.8707410249766322, 0.8954784443219138]];
UBLSH1Runtime2D = [[12.230156685569762, 4.929678537971234, 1.0436685661160163, 0.3683953272769325, 0.14516897073204046, 0.05969551159390566, 0.028320627681541023, 0.0159505541422903, 0.005593745272326006, 0.0031552893315663177]; [17.898978254974534, 5.416085676492169, 1.8634537005674812, 0.6790847697937888, 0.2652220027917515, 0.13104149715258406, 0.05771644008898355, 0.02624048502996872, 0.012976270947147026, 0.005613864487887099]; [20.732512581030885, 7.557806680356588, 2.602419864015522, 0.9812629378647029, 0.40120910299721585, 0.18257460887512567, 0.08552426336938686, 0.04171870662001851, 0.02027810366585121, 0.010547673673456277]; [26.589572165855333, 9.344841711873768, 2.9898475882404765, 1.1363298861425204, 0.4807562487941319, 0.22527771904084717, 0.11823243132563928, 0.053840685529128546, 0.02632748373973769, 0.01277178874449695]; [31.66108439674444, 11.087814046643926, 3.997534126009059, 1.4024985367815228, 0.6344790761103506, 0.2897029165352488, 0.13807542400544695, 0.06592275029129652, 0.03263141972648783, 0.0169688077202276]; [37.63707245685015, 15.248767363379036, 5.121263200281202, 1.7224813901676848, 0.7491332445963609, 0.3422744996959895, 0.1683353214750146, 0.08272065121495395, 0.03607812685955536, 0.01882783640912455]; [40.54387952081979, 18.343640834073838, 5.87421966227899, 1.9534763712261205, 0.842222560264978, 0.3897340477682767, 0.19519220772273213, 0.08951339838995216, 0.04633770574805354, 0.023597722422855853]; [48.68019553685685, 17.040094886481615, 6.265564103979529, 2.311969143305316, 0.9443706397600039, 0.436099085056729, 0.20948748079487914, 0.10651913211191644, 0.047583801632048395, 0.027386058719384102]; [54.62045580080996, 19.46842157356592, 7.208401382231256, 2.685180902212077, 1.060151356798812, 0.4999944696993741, 0.24637983610676287, 0.11559286925738671, 0.06212422497376205, 0.030501018070860097]; [54.140774509180325, 19.549475985892713, 8.448200536651292, 3.4260165993810805, 1.225758791001775, 0.6007569151198989, 0.2783684286484705, 0.14341133561767552, 0.0687865553557694, 0.03423255921544537]];
UBLSH1CandidateSetList2D = [[8513.026863287723, 4505.753736438451, 2174.48506270422, 1109.3117933489875, 542.793035756154, 302.58916259830204, 139.83848907598306, 71.07061577314096, 38.324066555798986, 19.964648103971708]; [15533.680534925681, 8140.581944485627, 4240.115761623144, 2176.8307877297843, 1098.6892128324007, 585.4910508151343, 287.97164944588775, 147.09868491223298, 78.97718581138479, 40.77175570160725]; [-20496.98416762825, 12031.559243048876, 6277.346581858878, 3250.741590330004, 1678.2797028253344, 859.7634376357942, 431.6244104693499, 228.0325839455501, 117.0953546700485, 61.64454197953868]; [-15742.305697827125, 15397.044520289086, 8147.584537344115, 4251.192637670528, 2171.6884893102356, 1099.874792671558, 587.5269946257389, 293.31129856279523, 152.88704954234765, 77.43253890477034]; [-10779.929825106532, 18386.37859081759, 10078.909562012559, 5287.921007216511, 2725.4320445780945, 1415.8820832228332, 717.9137716771339, 385.4380577981283, 194.65048899292069, 100.82167064302426]; [-6794.893991477984, 7166.070322372452, 11905.398479061283, 6288.955525483048, 3313.1961438970516, 1686.2486713709307, 862.282428903001, 452.10892789332166, 231.9049927491695, 117.07136358785216]; [-2769.3494577768292, -18257.813543957916, 13800.27377282181, 7310.736126239826, 3810.001618926815, 1957.3012828128358, 1019.5444485177977, 520.346068252038, 268.9095308109004, 138.48590952735017]; [337.4157204100706, -15957.190250567923, 15462.013308843076, 8399.425583068361, 4346.87673014725, 2226.112672149694, 1148.434174614813, 583.1374244826693, 302.4742466192449, 157.37090446054623]; [3097.2345071837667, -13463.825365417704, 17049.80470465997, 9155.852214087556, 4849.856722486216, 2495.6735119229493, 1278.4466077365112, 664.9483454649677, 345.9506308567984, 178.1359036403926]; [5578.500397688466, -11370.397407762037, 18524.704410035778, 10228.909144306364, 5374.330157588124, 2814.934794944165, 1451.1715244987947, 759.6559427781345, 373.4316399029528, 201.51203198197143]];
UBLSH1PredictionCoverageList2D = [[0.9932740981684112, 0.9836039056642285, 0.9651176837815371, 0.925720262463312, 0.8538387293130326, 0.7461134639276038, 0.5936889357629401, 0.4388152587830069, 0.30699028986613947, 0.20008587944022915]; [0.9973538423381534, 0.9933812622072745, 0.9854160007368269, 0.9680351624090826, 0.9342582011375861, 0.8723115806760101, 0.7637860462049885, 0.6236976661647752, 0.482664591074776, 0.3327185198057751]; [0.9985127957961017, 0.9959805214236099, 0.9910566686877789, 0.9803347493678699, 0.9582343309816115, 0.9168004041893641, 0.8385043932880182, 0.7297712168156757, 0.5810110307412714, 0.4339382812730673]; [0.999048726553462, 0.9974509896823488, 0.993542058078052, 0.9859318570416447, 0.9700047461484541, 0.9371958676422921, 0.8822898326928872, 0.7835782679011661, 0.6476567468558634, 0.49086391189800693]; [0.9991760146878259, 0.997940019133334, 0.9951531767384983, 0.9894522507660314, 0.97682773642404, 0.9518501547489864, 0.9036701303373066, 0.8251632027424002, 0.7022813499157045, 0.5595334689504325]; [0.9994104815016321, 0.9983788151680533, 0.9962987430221517, 0.9914653389093706, 0.9816243294648767, 0.9606594704290043, 0.9206791939912664, 0.8518959744476852, 0.7403823131876847, 0.5958625957755962]; [0.9995310631747573, 0.9987908141353236, 0.9969820407397626, 0.9926745133301852, 0.9844312484983687, 0.966990115969748, 0.9339234245039824, 0.8706400560718204, 0.7713022719507266, 0.6342752756353828]; [0.9996616990704982, 0.9988711977659861, 0.9974208377846283, 0.9940411363668433, 0.9867692438338547, 0.9716125587830452, 0.9418650685503543, 0.8860546360431304, 0.7932755684740166, 0.6652552771789669]; [0.9997353833082586, 0.999098968384216, 0.9978261417338116, 0.9948282752676234, 0.9880990246665912, 0.9744930886819286, 0.9481689840001487, 0.8989270185073591, 0.8168896061193553, 0.6942224869442141]; [0.9997923273932354, 0.9991391664262724, 0.9979098759869184, 0.9953273648325784, 0.9898106258115122, 0.9778527760630459, 0.9554710254029045, 0.910935344345788, 0.8288107726890127, 0.7173374605915358]];
