# ========================================================
# test case: UBKNN Prediction
# ========================================================
fileName = "ml-1m"
UBKNNMaeList = 0.7705713374749159
UBKNNRuntime = 10.948279235659259
# ========================================================
# test case: IBKNN Prediction
# ========================================================
fileName = "ml-1m"
IBKNNMaeList = 0.7727368855103013
IBKNNRuntime = 25.664617792594587

# ========================================================
# test case: UBKNNLSH 2D
# ========================================================
fileName = "ml-1m"
k = 20
UBKNNLSHMae2D = [[0.7812986691114913, 0.7904425938339316, 0.8055926678034622, 0.8212715384598975, 0.854634178335727, 0.8540003190544466, 0.8687979523836925, 0.9060554965700517, 0.9183926974162119, 0.9476524189555887]; [0.7733653701835594, 0.7763739284187308, 0.7839228422752407, 0.792031941069807, 0.8105930765236273, 0.8341178918294775, 0.8423295101072291, 0.8694199173696782, 0.8818328620108123, 0.9166877444705547]; [0.7719521092805843, 0.773639539178821, 0.7770803507792677, 0.781773259073051, 0.7986022048979429, 0.8121409770468024, 0.8336553079956618, 0.8511555003885478, 0.8795470648170166, 0.8979715739803654]; [0.7716203364315956, 0.7723976011828714, 0.7737623111357769, 0.7795572133315058, 0.7884337793980111, 0.7998174914319661, 0.8220029604009316, 0.8405122683495687, 0.862999842745562, 0.8887705156465602]; [0.7715592473882773, 0.7710070445060634, 0.772761776596827, 0.7778387119148324, 0.7834418158844866, 0.7931514547612947, 0.8072550514590291, 0.8286002585605674, 0.8447559447758692, 0.8690623527209108]; [0.7711054945405046, 0.7717127593801063, 0.7727961884474367, 0.774991884655802, 0.7808207014229365, 0.7878281053006372, 0.8034339368680888, 0.81900119350429, 0.8341121807104249, 0.8644754810461476]; [0.7707921611978445, 0.7707918145562073, 0.7716062906784917, 0.7735724398780525, 0.7785458409913049, 0.7841451177567947, 0.7964827959663308, 0.8122319664839481, 0.8323533329642627, 0.8535096060704991]; [0.7706506798219834, 0.7710385585999676, 0.7714610710347926, 0.7728221838658786, 0.7761040325071112, 0.7837930992011585, 0.7927234896112062, 0.8059034486591213, 0.8236359257807698, 0.8493014735602088]; [0.7708951680268289, 0.7702672857134147, 0.7718937531059306, 0.7717808004378588, 0.7743759769156441, 0.7822000549286986, 0.790456344220776, 0.8005736226232657, 0.8260912782871825, 0.8366172475607256]; [0.771188135034698, 0.7706947868255315, 0.7705309620747199, 0.771746374251126, 0.774256594741821, 0.7787954217188254, 0.7887013157220499, 0.7966188608193149, 0.8177289376459655, 0.8332410434946973]];
UBKNNLSHRuntime2D = [[10.292459800305435, 3.9587748704149095, 2.1369786742298236, 1.780002497353007, 0.8023432326637395, 1.0997235072931775, 0.933994856962678, 0.4346371983276423, 0.39453502507565924, 0.3793823617224401]; [16.501990133125176, 9.190162946443937, 6.342877492667593, 4.22378845738585, 2.217641611737159, 1.0279374262390915, 1.4527312763819056, 0.727301186009691, 0.5538884307135342, 0.3889327688565169]; [20.615217770608357, 13.900902729702425, 8.097169180832308, 5.935251996845994, 2.1886104639524713, 1.6205212016108963, 1.0314895087479934, 0.7736374886572511, 0.5356378508841632, 0.43963844392283763]; [24.440158333549856, 15.028099807200547, 11.287024307462906, 6.6542834467636895, 4.058889318927666, 2.5469871182472628, 1.3162871201790307, 0.9821095899590833, 0.6474061343619691, 0.46296099983304845]; [27.407078368879297, 21.27155315583735, 12.83605733820385, 8.04236839195586, 4.761091286816057, 3.101187053415384, 2.032284129802823, 1.241173310189655, 0.7955471652283247, 0.5927255905784451]; [31.68510226821313, 21.600757700488412, 13.628210638526882, 9.004852372300197, 5.422446878813656, 4.311087653745982, 2.1186124451414012, 1.3401520843739148, 1.1209696500725925, 0.631731429442703]; [34.4392326702237, 23.967857613867285, 18.40864865364699, 10.039700267325758, 6.171783330739543, 5.035643389218349, 2.4348783819889044, 1.686855245680406, 1.050481250536989, 0.7274544790887899]; [35.28655072070063, 26.726713683457135, 17.406612792449454, 13.003028005656395, 8.2827610665378, 4.314550177941624, 3.017520734668883, 1.8258516026348415, 1.3631329813843813, 0.7891334996178897]; [35.43551388096103, 29.08935793594902, 20.144615522366866, 15.443496257470741, 8.935938518117704, 4.805386454080069, 3.223767741854647, 2.3554394243802093, 1.2017743986904874, 0.9584673896378897]; [37.343515655156615, 30.38805666226571, 22.24106009406367, 14.659543322012988, 9.610051503686705, 6.056647448422481, 3.4567342582212426, 2.661715662580478, 1.4444045215791756, 1.0089722532284502]];
UBKNNLSHCandidateSetList2D = [[997.8267746634286, 447.38146051125426, 233.53061280598567, 136.92436254478855, 65.92392579700028, 49.95448016909222, 30.037536492579534, 12.564161471989749, 7.0704924253179415, 2.992981932708883]; [1811.70402629334, 944.1507659750649, 561.889292707047, 341.2543971541443, 164.38570797702147, 78.86989067147734, 69.3696345042177, 30.46577133469479, 17.301002265466213, 7.013189869350096]; [2425.579496186043, 1432.8806846158539, 777.5903689470318, 477.9113761388967, 203.69401672597863, 134.23761082112011, 69.03081903203054, 41.633434306873426, 20.45209216367145, 12.002668874570432]; [2942.4317999824198, 1703.7642511908678, 1084.4087738819646, 601.9505092545495, 320.5478659345502, 188.71412989352152, 91.72670401003516, 52.22699012854116, 27.85199314471896, 14.951336802119123]; [3411.971068108675, 2260.0605676763676, 1302.0007671842948, 706.6686896923658, 415.0354959423759, 217.77939672976993, 125.13043153095498, 65.16544082321882, 37.795738822547754, 20.21480661719772]; [3844.77601860652, 2489.6495510127343, 1400.6032196763915, 819.4737247344914, 469.3510543793697, 298.1338513119161, 137.92347649239727, 76.53062063414173, 49.40541366161253, 23.175245533541176]; [4282.236195784524, 2827.848994557116, 1759.3575482758552, 922.4108065350143, 501.1141009339458, 323.0744365614291, 165.37845206638153, 93.25592776042437, 52.09227100489368, 28.497220620206175]; [4566.047209084493, 3044.1242726094138, 1839.9616857391957, 1139.0192713168506, 670.0835523100556, 345.38513111432513, 191.70271251290947, 113.28671132539874, 63.96855561496966, 33.543373080084784]; [4684.269011935365, 3374.251360365015, 2063.7982003800903, 1305.899022429933, 738.6325262796863, 374.52154893399876, 219.98416006040725, 131.90283172017334, 60.93031281284143, 40.74369089943307]; [4917.557423748408, 3593.2957476804745, 2298.572737234653, 1363.1432353272494, 784.2299821839346, 451.5929759925807, 228.10028697731786, 153.25243687967978, 74.51591853592947, 45.06642620955475]];
UBKNNLSHPredictionCoverageList2D = [[0.9971302680411859, 0.9930039826719792, 0.9815683869032924, 0.9562540894109598, 0.9058354384682366, 0.8541268597574447, 0.770521257964618, 0.6140827062075744, 0.4993437273283461, 0.337868622900287]; [0.9994533842618405, 0.9984668116860517, 0.9960470353983283, 0.99016426144416, 0.9753755900564939, 0.9437185960655716, 0.906795112122673, 0.8274731026385584, 0.7504197958186788, 0.5820552958658665]; [0.9997300250309719, 0.9993367289940379, 0.9981401724837505, 0.9961136945991655, 0.9872878545202819, 0.9748223725722962, 0.9414686630731355, 0.8977128683630831, 0.8176368721115872, 0.7042574797706278]; [0.9998133510649522, 0.9995867053296483, 0.99900009389102, 0.9973735791099037, 0.9931506306409426, 0.9857480177031698, 0.9655132336246967, 0.9302665482077465, 0.8708486766286475, 0.768211440947656]; [0.9998900103323448, 0.9997833537980368, 0.9993467277275205, 0.9982334946516654, 0.9959670386984093, 0.9907708606516824, 0.9789186469441423, 0.9513645202384547, 0.9104949902460228, 0.8427680894563991]; [0.9999133413659091, 0.9998066855314661, 0.9994933817619535, 0.9987634507886298, 0.9968003051037296, 0.993653930076197, 0.9828649353475184, 0.9643899992161907, 0.9338128381148109, 0.8663390957909648]; [0.9999500047328787, 0.9998533471320115, 0.999613369996461, 0.998983428857529, 0.9974668991116501, 0.9950771155583792, 0.9876178387870794, 0.9725659233846886, 0.94349853341317, 0.8935866081546918]; [0.9999600041662284, 0.9998366825984215, 0.9996566983636859, 0.9993000642273303, 0.9982134974846512, 0.9954437516943212, 0.9898942779766907, 0.9789386381786999, 0.954437589495075, 0.9087051415003952]; [0.9999600038662854, 0.9998666794987425, 0.9996966960304373, 0.9993733926609526, 0.9986501274877563, 0.9959970438305302, 0.9920507295985338, 0.9840881577244565, 0.959757044151559, 0.9301264800552339]; [0.9999833348331962, 0.999923340565975, 0.9997766874313653, 0.9995167128288434, 0.9988201105894431, 0.9971502680409877, 0.9929239855054388, 0.9867879128802329, 0.9672197337415352, 0.9392390390551976]];
# ========================================================
# test case: IBKNNLSH 2D
# ========================================================
fileName = "ml-1m"
k = 20
IBKNNLSHMae2D = [[0.809798559473213, 0.8360061368123963, 0.8531062186063165, 0.8881783934859927, 0.9030931066317541, 0.9383171939911478, 0.9486075204139951, 0.9628099195115105, 0.9797180634893797, 0.9878697863135658]; [0.787961520136677, 0.8018106187528087, 0.8143707595869195, 0.8359677056280171, 0.8585245778366218, 0.878478454941065, 0.9142758191769405, 0.9397232086526878, 0.9504694309541907, 0.9606913589585865]; [0.7807677778973403, 0.790104896181536, 0.8024473350935395, 0.8154145772250719, 0.8411810575911475, 0.8546702675182697, 0.8762260578771097, 0.9113767347291053, 0.9306001664836363, 0.9371365772330663]; [0.7777293831387532, 0.7835619252725832, 0.7927086180813939, 0.8105544580011964, 0.8274396820087252, 0.8490702749660413, 0.8623543643895073, 0.9003476970849379, 0.9087429221337895, 0.9533918078659188]; [0.7753408572916395, 0.7816072641812787, 0.7885561708440979, 0.799884711030268, 0.8117454071956903, 0.8285339453838073, 0.8489065801556396, 0.887211932964179, 0.9010123302301359, 0.9223665743495899]; [0.7747208331088792, 0.7786922214291545, 0.7843100246435815, 0.79554288238256, 0.8054395735454906, 0.8205245757113517, 0.8444569123204838, 0.8625293478596777, 0.8853681588719141, 0.9217343193137099]; [0.7739512740263549, 0.776589215782574, 0.7802555675724842, 0.7919298485679116, 0.8025528961827967, 0.8187428625860608, 0.8352168012847674, 0.8550688157597969, 0.8793335872611584, 0.90507602893154]; [0.7738585491803568, 0.7760414506786866, 0.7806085873506491, 0.7861602094375, 0.7985853708335727, 0.8126840102657628, 0.8262248675774678, 0.8528259579014184, 0.8682820092188388, 0.893796804642692]; [0.773375930857238, 0.7741312137547468, 0.7786436746677919, 0.7868008103454519, 0.7956826212922116, 0.8080410492766612, 0.8238819837214623, 0.8470338170106851, 0.8715623654072591, 0.8941028406677266]; [0.7728218236410016, 0.7737782427966087, 0.7760674886077524, 0.7826342810462835, 0.7912682362586124, 0.8038067312855061, 0.8164974462891449, 0.8376773930549376, 0.862026412372478, 0.8864463815153155]];
IBKNNLSHRuntime2D = [[8.512585621218909, 3.7333565274059914, 3.120958354757373, 1.3251098339230236, 1.151549496422051, 0.6321989935645337, 0.6010748702398477, 0.5204304046704941, 0.34880400058601974, 0.23729660155275165]; [17.00104767245095, 8.914637807492658, 5.819283460095033, 3.20811741451422, 2.0982897061915846, 1.355526772745014, 0.8742537675783896, 0.5700163501030937, 0.4629521200669224, 0.4073767981203649]; [19.57227787300965, 12.873468745896458, 7.356982465862352, 4.443831450698873, 2.8809722633468198, 2.33504475570534, 1.4073949918913187, 0.7432659063522199, 0.5977578530823838, 0.4611959133860977]; [22.947622944673668, 17.0447206673775, 9.838712373566336, 5.628787747805855, 3.4654071160757014, 2.192636206223682, 1.6477354836252485, 0.8489110976385076, 0.9562868714316166, 0.4144672066819366]; [28.35767880331184, 16.830397913199363, 11.498064538622854, 7.655533148814329, 4.897802366472288, 3.10351941832352, 1.980116536762501, 0.9746014728045882, 0.789117429583293, 0.6075867648126813]; [29.270352987446795, 20.200374701201127, 13.36159825034317, 9.020824415012989, 5.7573326887487495, 3.7356581513339058, 2.0304302341986493, 1.5430197337821896, 1.0004598712757975, 0.570456459216021]; [33.88884968274312, 24.16595199586762, 18.3581167549801, 9.089228637017841, 5.863045789333165, 3.8283295406257074, 2.202507271158154, 1.7016603160554904, 1.1005335458316499, 0.7291022499302705]; [34.97605062339478, 27.93953350202284, 18.61831775121357, 13.167265645604838, 6.878824198302809, 4.334104837376719, 2.980799927689912, 1.7146791074673058, 1.2283857575533508, 0.9574473228362135]; [36.93456787388309, 27.054619403871612, 20.959646539212432, 13.642682724431717, 7.770625552438794, 5.06621537935393, 3.310062588824277, 2.0065932802637785, 1.1537281076168624, 0.9029770244399908]; [37.30523394950119, 31.40674816298898, 20.915087613506717, 13.603354578509999, 9.331227064205367, 6.080470606709054, 3.7903342844219856, 2.330948621676942, 1.4008203574945046, 0.9310926413599336]];
IBKNNLSHCandidateSetList2D = [[552.2952476338968, 258.4770279156583, 165.1205309875254, 72.12448085329777, 47.60847023797038, 22.91385242821089, 13.412280907608087, 7.524291981463776, 3.604904379236428, 1.6280992677549726]; [1166.044704179474, 583.2406732198656, 329.54866437492564, 170.71407308505567, 98.59629954924925, 53.63184598070881, 30.66080000324003, 14.43174063958832, 8.46092172779444, 5.603112357292711]; [1407.2630004007106, 858.1844918206281, 464.9915926298092, 245.53256037461608, 145.5780519860672, 88.26541075835227, 49.293850151588856, 22.192589102225654, 13.041951878852577, 8.092076233640219]; [1722.2366665280786, 1158.4607326981477, 606.8475838458452, 315.3121138208812, 177.35085240813467, 105.73095569086377, 66.51048662922565, 29.289901490702032, 21.794510579139196, 7.630507920544524]; [2106.7098007664285, 1208.6861535243918, 713.719545731501, 429.23616999584766, 248.21648581556744, 138.5476207716395, 80.36074503478616, 36.26118965728407, 23.569323652768606, 13.55318158008892]; [2246.1782453633027, 1428.282038429913, 877.5431161063075, 510.97240657373726, 295.3615804039596, 162.14795778169517, 87.52356930675955, 52.76836118523686, 29.84860157535449, 13.189202688175483]; [2564.3074051945027, 1664.2568631480224, 1096.8934889413122, 546.3182205996765, 312.2556352358757, 181.88709743220022, 100.8131286276933, 59.24543705234419, 35.4886113824337, 18.987162645932735]; [2713.0784220508117, 1947.6349786704147, 1140.444995345563, 724.038914424621, 366.4767832331898, 212.4745463962406, 124.39820277474814, 62.81865923038532, 39.231163021086104, 22.972462104999906]; [2903.773751144168, 1982.11442189685, 1266.7585014620927, 772.5589843156973, 414.81217314228365, 236.47140392616805, 142.3027056800042, 75.58317514206577, 38.8883781715537, 23.996648995396026]; [2985.530820548107, 2162.655037165388, 1348.1020187041179, 792.4515473115758, 475.9195074243509, 279.8567129175423, 158.71101004835523, 89.08792291729009, 47.48376184043796, 25.281416944965954]];
IBKNNLSHPredictionCoverageList2D = [[0.9962436805674199, 0.9864812654127704, 0.9595304448743578, 0.9039956275819533, 0.8354953045502919, 0.7061742096067158, 0.5876085041362352, 0.4591639818101674, 0.3355455414738391, 0.22504261307530002]; [0.9997400245976342, 0.9983101547855854, 0.9933906256397288, 0.9768221520299433, 0.944275238965608, 0.8931133036542239, 0.7943086816429661, 0.6653676614105866, 0.5245450243295201, 0.4489247632524404]; [0.9999900008665913, 0.9997233589975808, 0.9978535317146631, 0.991157509951537, 0.9735657519416342, 0.9463883298596131, 0.8945364753382661, 0.7782972789183639, 0.6708143644561589, 0.5689434236398455]; [1.0, 0.9999233405326414, 0.9991967442590415, 0.9955104217596619, 0.9843914761914125, 0.9630734260430714, 0.9331328800455535, 0.8397016673700922, 0.7778075143765989, 0.566190267362722]; [0.999996666933312, 0.9999866679665376, 0.9996267012633989, 0.998053512316583, 0.992707350701354, 0.9796485930811688, 0.9509946529500883, 0.8761815383073972, 0.8101143407270884, 0.7055408873729879]; [1.0, 0.999993333866624, 0.9999033421658471, 0.9990534198919504, 0.9955437501269649, 0.9846347781282635, 0.9600637798028978, 0.921790609011112, 0.8609096886263149, 0.7153532115140303]; [1.0, 1.0, 0.9999600037329767, 0.9993867247277205, 0.9965203232361622, 0.9889310444997618, 0.9703294486012884, 0.9351494078540926, 0.8790677946916153, 0.7875332079067463]; [1.0, 1.0, 0.999973335866422, 0.9997066934308533, 0.9978335334811854, 0.9922407158660032, 0.9793019447472627, 0.943728615262054, 0.8997326388880573, 0.8170174589068289]; [1.0, 1.0, 0.9999933339999326, 0.9997866868647148, 0.9987034563880998, 0.9939005557151611, 0.9838348223939866, 0.9572707574013409, 0.9036356312850017, 0.8326490070730138]; [1.0, 1.0, 0.999990000899917, 0.9998700117655824, 0.999156744292727, 0.9959003853630956, 0.9873811985174771, 0.9659164919349931, 0.9238804068650195, 0.8433043834240378]];
# ========================================================
# test case: IBLSH1 2D
# ========================================================
fileName = "ml-1m"
k = 20
IBLSH1Mae2D = [[0.8493918828413091, 0.8566393601530405, 0.8693454547588327, 0.8851802630400839, 0.9112962162877433, 0.9279285455998917, 0.9568985917411593, 0.9608625106033694, 0.9647277948029535, 0.9913404006690504]; [0.8366875922949487, 0.8383951699967068, 0.8423607470417057, 0.851418845698324, 0.8648569659228932, 0.883884638263919, 0.9132183479371223, 0.9356472687250839, 0.9565426022965858, 0.9611216935331983]; [0.8327070236247659, 0.8339380488913207, 0.834482481015277, 0.8399453738716008, 0.8480259962702769, 0.8645150085693377, 0.8824833543207129, 0.9085360278969997, 0.939672329862411, 0.9656026715631129]; [0.8246777949421099, 0.8263756715487962, 0.8291418287750093, 0.8354275955924216, 0.8370319455488393, 0.8554424624705795, 0.8791017858374385, 0.8931380162066779, 0.9106206106677751, 0.9405512496634577]; [0.8176162276573713, 0.8231820624644121, 0.8229156822210455, 0.82460220568341, 0.8364288783882117, 0.8385890217849971, 0.8552358869833596, 0.878401703596282, 0.9033047388762746, 0.9213209817928784]; [0.8187848455179162, 0.8198965344356278, 0.8187105906497273, 0.824764099075494, 0.8253910903891534, 0.8383465583694246, 0.8532049161818956, 0.8638198378389635, 0.8914019003834063, 0.9117335647526441]; [0.8223614743362969, 0.8200563223053329, 0.8169912559566607, 0.8203416607370978, 0.8274429908275227, 0.8377777183090154, 0.842704416830213, 0.8598595985537791, 0.8764128406889794, 0.9044369250437962]; [0.820939405632333, 0.8117952030577472, 0.8152100395108425, 0.8174884937481076, 0.8228600300496423, 0.8289538692947803, 0.8372897340473996, 0.858013196184006, 0.8734601115789489, 0.9023492403911025]; [0.8128928818793986, 0.8132224913468998, 0.8166257778985626, 0.8160930598803654, 0.8221868260137425, 0.8231400954035575, 0.837347472499133, 0.8538438297231726, 0.8726239742991239, 0.8997984400164768]; [0.8168761271935715, 0.8088436600744018, 0.8080675516990738, 0.8079971387169987, 0.8171857675996045, 0.8252578763899613, 0.8346745620823847, 0.8483194977944107, 0.8655247442192163, 0.8832739311522467]];
IBLSH1Runtime2D = [[0.1837099246817303, 0.08229020862494167, 0.04239485436246084, 0.01890621875624875, 0.012757448510297939, 0.007875091648337, 0.002322868759581417, 0.0035859494767713127, 0.0016396720655868825, 8.698260347930415E-4]; [0.34835366260081324, 0.1913617276544691, 0.10436912617476506, 0.04752049590081984, 0.02213224021862294, 0.013440645204292475, 0.006452042924748384, 0.004812370859161501, 0.0021029127507831767, 0.0015730187295874157]; [0.5300206625341598, 0.25240951809638074, 0.12878424315136972, 0.07266879957341865, 0.04842031593681264, 0.023138705592214894, 0.010831167099913351, 0.006272078917549824, 0.0047790441911617675, 0.0020695860827834437]; [0.65125974805039, 0.3139605412250883, 0.18337999066853294, 0.08887889088848898, 0.04857028594281143, 0.025391588348996866, 0.013970539225488235, 0.0076684663067386515, 0.0044124508431647004, 0.002352862760781177]; [0.8300539892021597, 0.40294607745117644, 0.23583616610011335, 0.1037392521495701, 0.05118309671399054, 0.03629607411850963, 0.020352596147437178, 0.01037125908151703, 0.0060554555755515565, 0.003349330133973205]; [1.122755448910218, 0.5115843497967073, 0.27326867959741385, 0.15524561754315805, 0.0797373858561621, 0.037515830167299875, 0.017166566686662665, 0.014347130573885222, 0.007208558288342332, 0.0038825568219689396]; [1.3759381457041926, 0.543517963074052, 0.29870359261481033, 0.16102112910751185, 0.07974738385656202, 0.03910884489768713, 0.024221822302206226, 0.014390455242284876, 0.009218156368726254, 0.004749050189962008]; [1.7770745850829834, 0.6962940745184296, 0.323381990268613, 0.20240951809638072, 0.09751716323401986, 0.04634073185362927, 0.027774445110977805, 0.01590348596947277, 0.009521429047523828, 0.0050323268679597416]; [1.8908984869692727, 0.7467973072052256, 0.4014263813903886, 0.21746983936546024, 0.11739318802906085, 0.06241085116310072, 0.02774111844297807, 0.01713990535226288, 0.01013130707191895, 0.0060387922415516895]; [2.1864860361261083, 0.8221355728854229, 0.39544757715123646, 0.24076851296407384, 0.12289542091581684, 0.06641005132306872, 0.034223155368926214, 0.019032860094647736, 0.011014463773911886, 0.006122108911551023]];
IBLSH1CandidateSetList2D = [[567.2721189095514, 289.00713857228556, 168.08691595014332, 76.37214890355263, 49.020025994801045, 28.261704325801507, 11.59158834899687, 8.880793841231753, 6.535156302072919, 2.387275878157702]; [1069.551949610078, 622.25458241685, 338.48911884289805, 180.7326234753049, 100.71045457575151, 56.011347730453906, 27.236292741451706, 16.656871958941547, 9.920165966806639, 6.280227287875758]; [1463.9207825101646, 851.1322202226221, 473.97653802572813, 256.17095580883824, 176.80766180097314, 88.83099713390656, 42.814293807905095, 26.035896154102513, 13.081766979937347, 8.90364593747917]; [1814.7172298873559, 1051.695770845831, 646.8747850429913, 335.0250616543358, 191.74464440445243, 108.68163700593215, 56.53950543224689, 32.4122475504899, 19.327191228420983, 11.572455508898221]; [2084.881640338599, 1268.1087249216823, 784.9236652669466, 399.46531027127907, 215.20498566953276, 148.76669999333467, 86.67752449510097, 44.49307471838966, 24.19151503032727, 13.586282743451312]; [2373.5031393721256, 1518.5556088782243, 937.1303139372126, 542.0988235686197, 302.375558221689, 157.1235619542758, 82.92429514097181, 60.66949276811304, 28.146434046524025, 15.653086049456775]; [2542.48883556622, 1604.569226154769, 1013.8168466306739, 571.295700859828, 311.15978804239154, 179.53901219756048, 101.93410317936412, 59.20897153902553, 37.31041125108312, 19.0999966673332]; [2751.4024661734315, 1894.6547190561887, 1104.3870292608144, 688.9281910284609, 375.8995467573152, 188.84564087182562, 118.65427914417116, 66.83051722988736, 38.23035726188096, 20.53618609611411]; [2846.428394321136, 2007.5881090448577, 1238.7331167099915, 761.2324368459641, 433.6324435112977, 254.80038992201557, 127.8989968672932, 69.13316669999334, 41.3629474105179, 22.342761447710455]; [2964.111984269812, 2118.3974738385655, 1249.9197093914552, 805.051116443378, 475.70084983003403, 266.92790775178304, 140.3491235086316, 78.17359861361062, 43.67300873158701, 27.08856562020929]];
IBLSH1PredictionCoverageList2D = [[0.9961774311804305, 0.9850663200693194, 0.959254815703526, 0.9052322868759582, 0.827001266413384, 0.7413483969872692, 0.5765446910617876, 0.5008598280343931, 0.401872958741585, 0.23466640005332265]; [0.9996667333200026, 0.9983170032660135, 0.9928214357128574, 0.9758215023661935, 0.9481370392588149, 0.8907185229620742, 0.7857128574285143, 0.6747083916550024, 0.5521795640871825, 0.4250716523361994]; [0.999866693328001, 0.9996034126508032, 0.9978570952476171, 0.9918982870092649, 0.9789942011597681, 0.9452342864760381, 0.8781077117909751, 0.7978271012464173, 0.6540925148303672, 0.5290308604945677]; [0.999890021995601, 0.9998067053256016, 0.9992334866360061, 0.9960807838432313, 0.9869459441445043, 0.9665566886622675, 0.9185796174098514, 0.8531127107911751, 0.7549790041991602, 0.637122575484903]; [0.9998933546624009, 0.9998600279944011, 0.9996500699860027, 0.9980070652536158, 0.9912050923148703, 0.9810971139105513, 0.9569119509431449, 0.8985436246084116, 0.80999133506632, 0.6902752782776779]; [0.9998933546624009, 0.999890021995601, 0.9998000399920016, 0.9990701859628074, 0.9958008398320336, 0.9844597747117243, 0.959254815703526, 0.9255182296873957, 0.841881623675265, 0.738119042858095]; [0.9998933546624009, 0.999890021995601, 0.9998466973272012, 0.9993301339732054, 0.9968939545424248, 0.9885122975404919, 0.9714390455242284, 0.9384923015396921, 0.8878024395120976, 0.780613877224555]; [0.9998933546624009, 0.9998933546624009, 0.999870025994801, 0.9995900819836033, 0.9977337865760182, 0.9906552022928747, 0.9793008065053656, 0.9477437845764181, 0.8947343864560421, 0.7968239685396253]; [0.9998933546624009, 0.9998933546624009, 0.9998800239952009, 0.999743384656402, 0.9986402719456109, 0.9948743584616411, 0.9811737652469507, 0.9521329067519829, 0.9101779644071186, 0.8112977404519096]; [0.9998933546624009, 0.9998933546624009, 0.9998833566620009, 0.9997800439912018, 0.9989002199560089, 0.9957075251616344, 0.9841398386989267, 0.9619709391455041, 0.9153669266146771, 0.857631806971939]];
# ========================================================
# test case: UBLSH1 2D
# ========================================================
fileName = "ml-1m"
k = 20
UBLSH1Mae2D = [[0.8038763306244862, 0.8070928528377171, 0.8190138115740627, 0.8310237057324129, 0.8505051372773617, 0.8688292520067796, 0.8900028442095497, 0.8958471060709425, 0.926754313016093, 0.8967009332112809]; [0.8004503166631691, 0.8016425836010201, 0.8042688236515857, 0.8112126443704865, 0.8204846136990475, 0.8290074884071754, 0.8478480789701558, 0.8828999022110482, 0.8959383448597106, 0.9078605038538164]; [0.7997660764995058, 0.7997722000029818, 0.8011220590402428, 0.8046038871308508, 0.8090482022319421, 0.8198213264094218, 0.8375329873814894, 0.8571504727315129, 0.8742757562443555, 0.8919901052896249]; [0.797471756025566, 0.7981832526595785, 0.7993050140568849, 0.8011636137550914, 0.8054777276865807, 0.8123580947250928, 0.8206195736408529, 0.836870034263603, 0.8716737804991138, 0.8735556615657795]; [0.7972506265417859, 0.79788198608694, 0.7993649138372558, 0.7999509879148826, 0.8013868071641593, 0.808735458144441, 0.8144287391213968, 0.832159989082332, 0.8539718395881838, 0.8723582720529919]; [0.7966015168127524, 0.7976190797297377, 0.798048170964757, 0.7983059464460774, 0.7999663526307321, 0.8044183587674968, 0.8109759822991376, 0.8241393830194376, 0.8456508119398394, 0.866229172349911]; [0.7965095140090609, 0.7952790577208354, 0.7957778344663891, 0.7978906914500966, 0.799535407569484, 0.8031188274269456, 0.8089867865059812, 0.8212485474929879, 0.83826246088346, 0.8575126492934558]; [0.7944594242293931, 0.7956499392023512, 0.7963477478183182, 0.7967238341050612, 0.7985087744633693, 0.8022148369395964, 0.8068336763285324, 0.8120330810795444, 0.8287643659444512, 0.8473053489672256]; [0.7949318229241293, 0.7953438207604475, 0.7955129593023788, 0.796054854944053, 0.7983226254992118, 0.8003845897201844, 0.803989169583495, 0.8130256845077679, 0.8271213529407935, 0.8470149846240208]; [0.7947905254404954, 0.7938540542802123, 0.7956076235930892, 0.7959589205338006, 0.7976639108630188, 0.7995845319429168, 0.8048784507486006, 0.8091916865062562, 0.8240079166028007, 0.8410242116797136]];
UBLSH1Runtime2D = [[0.5008314353663067, 0.16367842468248306, 0.07780285106914218, 0.031640433103306796, 0.016331837006388697, 0.010945689755118532, 0.004366259338604616, 0.005946104020550441, 0.0017131766145492948, 0.0040929791644605485]; [0.7971124727914392, 0.4515743781622255, 0.1470929155402347, 0.07949591627157476, 0.04212283138783171, 0.027550742315459623, 0.015471912565821781, 0.0053528408792160006, 0.003116383892800205, 0.0031597213916760443]; [1.1403297268575747, 0.5812990179867218, 0.2385143866870241, 0.12920827031673976, 0.06838023235064365, 0.03137033779123086, 0.016715058190955288, 0.008695875006609101, 0.0058728021822367455, 0.003869628236346387]; [1.3073128789293778, 0.7493587977552552, 0.3424653298518112, 0.16437118861922664, 0.10154389589018342, 0.053448506210831324, 0.03193707497263513, 0.015518525676104586, 0.005719471649723233, 0.005286171813717123]; [2.236704493606592, 0.8743052014355418, 0.4483545745545012, 0.2461939032697084, 0.12126868997511486, 0.06222411703349771, 0.036659934353829596, 0.016035161343767368, 0.007489320795970787, 0.005342843245778311]; [2.6433274537729843, 0.9879069754106949, 0.4533742121783239, 0.24840699953660372, 0.17339998800122466, 0.07367317914298928, 0.03962964958163283, 0.02093473944730742, 0.010475695424895222, 0.006369414254982731]; [3.2349726503958816, 1.3301841408007358, 0.5903947411301211, 0.3595999262947966, 0.17808686291667652, 0.1035904751244588, 0.044525753579773376, 0.021231362019064573, 0.011618930133476134, 0.007605961399895605]; [4.024435306138624, 1.3071543383150042, 0.6767475242237725, 0.41752805513111896, 0.20640402647141223, 0.09271459800369146, 0.059697780958631784, 0.033420220795007206, 0.016958421483158168, 0.008269222074558722]; [4.642362411093559, 1.5901388271339834, 0.8242741646969661, 0.4108784625468063, 0.22341906736451214, 0.1276479934163173, 0.06219413682925241, 0.0344967418138362, 0.015508529608565401, 0.008582540574606513]; [5.2316262547697745, 1.7307443826143498, 0.8153375823915283, 0.44903115646417247, 0.2556530092963306, 0.14305327314182922, 0.07181334492676499, 0.04110278737292483, 0.016368507171916565, 0.010329029492788975]];
UBLSH1CandidateSetList2D = [[1041.1171074214237, 561.7143396252385, 298.5946305991462, 144.91019932170215, 81.65520707260463, 46.179105399009615, 25.799836748528847, 19.432582973893826, 7.781834071966816, 14.312635892893217]; [1886.2939812483921, 1126.2540485375332, 518.169164680449, 304.2317803171156, 181.47284373994603, 135.56427901025762, 70.29403892861188, 34.85850023260482, 19.946210204177362, 11.910129858039616]; [2453.644559258275, 1579.6515236899386, 836.8648136495268, 463.46010388767985, 282.66712145927977, 158.70661066614636, 84.16173277700047, 47.796420896048176, 32.28971041590256, 16.56650204729397]; [2900.338404335516, 2025.4356759927493, 1167.3847261015565, 597.023414470004, 398.3653744233431, 211.13741540602643, 151.0145758453839, 77.7558015639741, 32.13899674332731, 27.30935581018605]; [3745.261022906734, 2343.920472621047, 1431.0282756454496, 820.2537526189789, 466.0138835666092, 260.72203438838125, 171.49892124360977, 84.25644777597692, 46.196713705699246, 27.860231244747677]; [4069.136888439482, 2581.2973297675217, 1508.2573276398898, 900.6362338017201, 611.7229500249633, 310.8350810944293, 204.255718265366, 108.48872425275492, 55.196944407185676, 34.28304962459647]; [4366.661757552024, 2951.1014729143103, 1859.5691802226918, 1202.1950892135326, 647.9265757666944, 404.59990787036486, 225.49765087318747, 111.49349919045157, 63.48652737644064, 39.82985163635704]; [4658.209827269194, 3029.6880367220942, 2055.1311438266234, 1388.5673860100098, 740.7448655995404, 388.37297720126867, 252.4369326233331, 165.6241053989543, 86.46971291941195, 45.69676021698217]; [4858.7295246165495, 3409.9940456666814, 2337.0628461112565, 1379.6205457621727, 803.3956695705348, 502.7514131824609, 272.0857152467024, 163.26387887708796, 82.55457616205757, 45.65658920431388]; [5005.200931012871, 3519.2644289509735, 2382.0754529502847, 1487.2221325955454, 889.3575805418546, 549.2210674268841, 304.7506594223674, 197.74717585334827, 92.12462589479729, 55.831179237935714]];
UBLSH1PredictionCoverageList2D = [[0.9974302377776502, 0.9922840474993714, 0.981198416467621, 0.9558241169094707, 0.907941917618639, 0.8381619272019497, 0.7437439380219458, 0.645333139976941, 0.47786595366107926, 0.5438333860688803]; [0.9994867153286385, 0.9985568015205013, 0.9955870781942068, 0.988667716301105, 0.9746723961024254, 0.9537209662608096, 0.9072887437594623, 0.8133542307147822, 0.7143302801809873, 0.6020304233502531]; [0.9997033608640701, 0.9993500605609148, 0.9981735025840482, 0.9947771610190433, 0.9899176011119497, 0.9740257274422334, 0.9452850521589049, 0.895046639868176, 0.8257763844997976, 0.7169765633615658]; [0.999813350765011, 0.99968669716365, 0.9989634304574069, 0.9971502638418537, 0.9936139350089297, 0.9845114615930344, 0.9726025859515944, 0.9388823393645257, 0.8594998164479856, 0.8123940327964781]; [0.9998866767990834, 0.9997166930308413, 0.9994033889280559, 0.9982101677173163, 0.9958470516970935, 0.9893943242391224, 0.9805951497603241, 0.9533510171198601, 0.9063289047718525, 0.8394351161862784]; [0.9999533376329324, 0.9997833534647643, 0.9994200548280582, 0.9987167870885235, 0.9973335795769068, 0.9928773394353106, 0.9859913119748511, 0.9671197844992309, 0.9276301178523285, 0.8644994378773533]; [0.9999200080991691, 0.9998466806320431, 0.9996100364631936, 0.9990800855585772, 0.99782353904687, 0.9949738095207414, 0.9876978062261602, 0.9697061748282861, 0.9397523818478657, 0.896433053371312]; [0.9999766690664167, 0.9998400148652614, 0.9996600328301061, 0.9993933903278799, 0.9983001584182971, 0.9954937512605455, 0.9903009024478749, 0.9823316543089327, 0.9560274331447748, 0.9127847976961769]; [0.9999633370996097, 0.9998766784321931, 0.9997133606306887, 0.9994300534282402, 0.9985867981208952, 0.9968436270388606, 0.9921807207324225, 0.9819016747759536, 0.9611502541293789, 0.9196408302881095]; [0.9999733358997497, 0.9998600132320599, 0.9997866867980635, 0.9995533744628062, 0.9988801044567642, 0.9972969208756567, 0.9931473083387833, 0.9868612178185515, 0.9662531941256098, 0.9337128516458858]];
# ========================================================
# test case: IBLSH2 2D
# ========================================================
fileName = "ml-1m"
k = 20
IBLSH2Mae2D = [[0.8602210709328985, 0.8744296431079869, 0.8929650836006352, 0.9245454591570695, 0.9329275539273939, 0.9618888510314934, 0.9750036590234156, 0.9859620498341489, 0.9957882513957815, 1.0197480815732574]; [0.8451509577453437, 0.8488334367164815, 0.8622785870232909, 0.8722916812001039, 0.8819970825637876, 0.9302076315092159, 0.9519014984586679, 0.9699052413086955, 0.9884843026368492, 0.992894159272886]; [0.8417784249156486, 0.8404558135234442, 0.8470137022856014, 0.850833101057732, 0.872936811315086, 0.8877968912411962, 0.917747791278866, 0.9472106161392423, 0.9559969928720641, 0.9864569977827893]; [0.8389620829059602, 0.8366064277448398, 0.8414888133210812, 0.843932755990752, 0.8624033487534071, 0.872780331055139, 0.8985886315593667, 0.92593611721515, 0.9535046158663234, 0.9562367879360285]; [0.8380449354022912, 0.8353260815831582, 0.8357000090772747, 0.8360315622596737, 0.8526669612223605, 0.8656601172218513, 0.8883563436060129, 0.9159605219564294, 0.9313762647972519, 0.9670956253788242]; [0.8365126414753433, 0.8361219062875112, 0.8366279488498954, 0.8389715091064635, 0.8471256073847306, 0.8637392293949673, 0.8785193136894994, 0.90046899458316, 0.9446504660881208, 0.9534757248042327]; [0.8380244374482894, 0.8342870865045399, 0.8359774584292076, 0.8363150263492732, 0.8444052354442043, 0.851409869315666, 0.8723539890375162, 0.8968936346068356, 0.9090083838143328, 0.944462277037939]; [0.8367248083760686, 0.835491210718343, 0.8339547991567692, 0.8342562599181952, 0.8362739462325518, 0.851564560823865, 0.8605936368386757, 0.8857548036001933, 0.9093041585829695, 0.9324903132274199]; [0.8364537761026615, 0.835171028177359, 0.83056105141389, 0.8344977711807364, 0.8403739087401879, 0.8423598396922954, 0.8608192593661513, 0.8804906428328284, 0.9049220605631486, 0.9220685603373647]; [0.8340335333047147, 0.8317946150659191, 0.8317788727644992, 0.833295849425617, 0.8358875473041788, 0.842603289770306, 0.8508855632350082, 0.8724517486694356, 0.9015012924819708, 0.9268652333020713]];
IBLSH2Runtime2D = [[0.01700993134706392, 0.012787442511497701, 0.009651403052722789, 0.004679064187162568, 0.003432646803972539, 0.001989602079584083, 0.0012697460507898421, 0.0010797840431913616, 7.231886955942145E-4, 5.298940211957608E-4]; [0.022752116243417983, 0.017649803372658802, 0.012544157835099648, 0.0096747317203226, 0.007565153635939479, 0.003029394121175765, 0.0021728987535826172, 0.0016363393987869092, 0.0023328667599813373, 9.464773711924282E-4]; [0.026781310404585746, 0.018982870092648138, 0.016253415983469976, 0.011920949143504634, 0.00814503765913484, 0.005555555555555556, 0.0045124308471639, 0.0022062254215823502, 0.001513030727187896, 9.064853695927482E-4]; [0.027454509098180365, 0.021872292208225022, 0.01741651669666067, 0.013077384523095382, 0.009154835699526761, 0.006532026927947744, 0.004095847497167233, 0.0027461174431780313, 0.0016196760647870425, 0.0012830767179897353]; [0.027294541091781643, 0.022788775578217693, 0.018193028061054457, 0.01474371792308205, 0.01095114310471239, 0.007845097647137238, 0.004899020195960807, 0.003039392121575685, 0.0021495700859828033, 0.0013130707191894954]; [0.02949410117976405, 0.02371858961541025, 0.020775844831033796, 0.0161001133106712, 0.011314403785909484, 0.007078584283143371, 0.005795507565153635, 0.00419249483436646, 0.0021828967539825367, 0.0018129707391854964]; [0.030923815236952607, 0.02563487302539492, 0.020029327467839763, 0.0169499433446644, 0.012987402519496101, 0.009751383056721989, 0.006155435579550756, 0.00404252482836766, 0.0029227487835766183, 0.0019229487435846165]; [0.03049723388655602, 0.026204759048190363, 0.020259281477037927, 0.01789642071585683, 0.013790575218289676, 0.010491235086316072, 0.006831966939945345, 0.004839032193561288, 0.0031726987935746186, 0.0023361994267813106]; [0.030347263880557224, 0.02626141438378991, 0.021452376191428382, 0.018239685396254084, 0.013500633206691995, 0.011084449776711325, 0.008158368326334733, 0.005048990201959608, 0.003349330133973205, 0.002322868759581417]; [0.031440378590948476, 0.027464507098580282, 0.021778977537825765, 0.018552956075451574, 0.014987002599480104, 0.011297740451909616, 0.008051722988735585, 0.005925481570352596, 0.003795907485169633, 0.002602812770779178]];
IBLSH2CandidateSetList2D = [[551.2680330600547, 321.4367259881357, 162.7998600279944, 74.01028460974472, 47.95398920215957, 22.66006465373592, 14.1999600079984, 9.472588815570221, 4.949323468639606, 2.0031627007931747]; [1032.5177897753783, 600.018526294741, 282.6246617343198, 203.60246617343196, 123.55253615943478, 48.01636339398787, 28.499606745317603, 16.69253482636806, 9.209791375058321, 6.583046723988535]; [1539.0072952076252, 853.0482070252616, 493.2135139638738, 279.59272812104246, 162.20323268679599, 82.63568952876092, 48.28474305138972, 24.189945344264483, 15.163110711191095, 7.954125841498367]; [1799.583706592015, 1126.6363294007867, 596.8632006931947, 396.98605945477567, 181.34452776111445, 112.02672132240218, 56.774401786309404, 34.70902486169433, 17.683160034659736, 10.810091315070318]; [2070.4897820435913, 1314.9248816903284, 818.5401586349398, 479.7148870225955, 235.074008531627, 133.1389022195561, 73.7881023795241, 38.05790175298274, 22.397773778577616, 11.91358394987669]; [2380.932310204626, 1481.357478504299, 920.0983736586016, 525.835969472772, 276.6168333000067, 140.01047790441913, 88.96711324401785, 55.2621342398187, 24.88115043657935, 15.550506565353595]; [2494.1073485302936, 1643.8148037059254, 1084.920192628141, 570.4189562087582, 323.5162000933147, 192.70665866826639, 104.07951742984737, 57.210397920415915, 34.36105778844231, 17.595817503166035]; [2745.010034659735, 1841.5699493434647, 1133.1943611277745, 641.8918916216757, 381.38764247150567, 216.25327601146435, 130.5758981537026, 63.718233020062655, 37.603812570819166, 21.19394121175765]; [2902.8224255148975, 2044.2597447177232, 1202.2656435379592, 752.2612244217822, 416.24202159568085, 243.54293474638408, 137.0901886289409, 71.36541691661667, 40.92888755582217, 24.866136772645472]; [2961.9521262414182, 2136.3616709991334, 1330.6333599946677, 745.2258981537026, 410.83604612410846, 266.59193494634405, 154.7631040458575, 82.92828434313138, 45.1129740718523, 25.72187229220823]];
IBLSH2PredictionCoverageList2D = [[0.9906485369592747, 0.9701493034726387, 0.9285209624741718, 0.8509631407051924, 0.7743717923082051, 0.6247617143238019, 0.509624741718323, 0.420249283476638, 0.30294941011797644, 0.16960274611744316]; [0.9991001799640072, 0.9953109378124374, 0.9817136572685463, 0.9619476104779044, 0.921735652869426, 0.8152202892754783, 0.7080183963207359, 0.5884223155368926, 0.4275244951009798, 0.35378590948476973]; [0.9997133906552023, 0.9986169432780111, 0.99374791708325, 0.9832666799973339, 0.9578084383123375, 0.9050756515363595, 0.8342298207025262, 0.7024461774311804, 0.5909418116376725, 0.41524361794307807]; [0.999870025994801, 0.9995434246484036, 0.9973405318936214, 0.9921015796840632, 0.9700126641338399, 0.9384156502032927, 0.8657968406318736, 0.7849663400653203, 0.6391021795640871, 0.5161734319802707]; [0.999890021995601, 0.9997633806572019, 0.9989302139572085, 0.9955108978204358, 0.9830800506565355, 0.9578184363127376, 0.9044324468439645, 0.8164133839898687, 0.7089248816903285, 0.5483836566020129]; [0.999890021995601, 0.9998600279944011, 0.999383456642005, 0.9967439845364261, 0.987622475504899, 0.9604112510831166, 0.9282643471305739, 0.8774611744317803, 0.7317836432713457, 0.6300339932013598]; [0.9998933546624009, 0.999866693328001, 0.9996733986536026, 0.9977871092448177, 0.9912284209824702, 0.9788175698193694, 0.9463307338532294, 0.8880157301872958, 0.8089448776911284, 0.6621708991535027]; [0.9998933546624009, 0.9998800239952009, 0.9996900619876025, 0.9986802639472107, 0.9948376991268413, 0.983493301339732, 0.9627907751782976, 0.9046057455175632, 0.8274245150969807, 0.7122942078251017]; [0.9998933546624009, 0.999890021995601, 0.9997967073252015, 0.999016863294008, 0.995120975804839, 0.9868026394721054, 0.9657101912950744, 0.9197193894554423, 0.8490601879624075, 0.7520562554155835]; [0.9998933546624009, 0.9998933546624009, 0.999866693328001, 0.9990301939612078, 0.9956075451576352, 0.9884556422048923, 0.9727021262414185, 0.9345530893821237, 0.863613943877891, 0.7633240018662933]];
# ========================================================
# test case: UBLSH2 2D
# ========================================================
fileName = "ml-1m"
k = 20
UBLSH2Mae2D = [[0.8107680074660358, 0.8211414275345238, 0.832195838683974, 0.8584407909891497, 0.8804962416869975, 0.8917099239529646, 0.9170426913426559, 0.9039888564368065, 0.930443337276322, 0.9577359045978752]; [0.8035811059090187, 0.8060672989175757, 0.8124511128653696, 0.8240875893838324, 0.8387146818412731, 0.85985830836479, 0.877520796586325, 0.8945183656072789, 0.9099224290420125, 0.9279820416624821]; [0.8018912846512216, 0.8040013106330203, 0.8079263643128028, 0.813836106495328, 0.829082515103312, 0.8418560203145672, 0.8579537414592413, 0.8738148771597297, 0.8980778953621306, 0.917402182624984]; [0.8001665530048835, 0.8019967064630626, 0.8037122302390373, 0.8099781440305502, 0.8166097879733876, 0.8308817688128555, 0.8434982255499023, 0.867272210939381, 0.8841584505521909, 0.9045304269275101]; [0.7998052572308404, 0.8017611187964194, 0.8029186451774645, 0.8057403295785379, 0.8126227350835883, 0.8220454122987775, 0.8389483639021361, 0.8541766263551449, 0.8685135650547724, 0.9065409706057966]; [0.8002784104979765, 0.8003390614319535, 0.8014262550748416, 0.8041995543445376, 0.8095128454925403, 0.8177774192433641, 0.8293263856320124, 0.8436596440177985, 0.8725839116387988, 0.8970623262080473]; [0.8000075907308025, 0.7998323009114704, 0.800490370701075, 0.8025926150109104, 0.8079427548466499, 0.8130446984663798, 0.8284828986356687, 0.8392993566611461, 0.8616160467778623, 0.8806675099519111]; [0.7994142641189312, 0.7995565375466348, 0.8004469668376645, 0.8017043935618565, 0.805551059394907, 0.8103297172178546, 0.8209393393186387, 0.833121462339531, 0.8626550888204184, 0.8815050495290286]; [0.7997378529799412, 0.7998446598268844, 0.799387396229586, 0.8011576766312768, 0.805004871460782, 0.8083389752068048, 0.8160881380021768, 0.8329901732158861, 0.8498782883392398, 0.8852431427748547]; [0.7986704107105992, 0.7986330465018936, 0.7999933301828982, 0.800545167682043, 0.8031128013193308, 0.8076145818950594, 0.8162858192976334, 0.8276447991782886, 0.8400823218217801, 0.8681130913630869]];
UBLSH2Runtime2D = [[0.018948232501206433, 0.014505308462823432, 0.011638925567537699, 0.007009355426888614, 0.004742881510485676, 0.0034930137296948632, 0.0019898125179652498, 0.0019398165509829396, 0.0011365603101233532, 6.332737057171086E-4]; [0.02381444244470256, 0.019318198404337145, 0.014775288197631997, 0.010399036257501625, 0.0088358351463249, 0.005789451719540144, 0.004176269971734215, 0.0028997281592681493, 0.0021431337522715027, 0.0015431894803206805]; [0.026727505337062068, 0.021201354254635835, 0.015491898835202694, 0.013232104649400176, 0.009802421086380344, 0.007752612868130111, 0.00513285141276451, 0.0038596423670474327, 0.002566433121594303, 0.0017531686490708037]; [0.028137368450573713, 0.022117945660878643, 0.01928486673763514, 0.014981934366261482, 0.011882219039669009, 0.008895839045052109, 0.00703267602925093, 0.004426254672359238, 0.0029563844607242984, 0.0021864617195544345]; [0.03009718890064379, 0.023607793243219353, 0.01982814331033749, 0.015608549070651435, 0.013298767916216836, 0.010035719291014438, 0.007532626967439113, 0.005829451252602868, 0.0038863077337570992, 0.002183126319975706]; [0.03051381240517764, 0.02568092892915944, 0.020394764013957553, 0.016991740618683228, 0.014195337326673052, 0.010105724022775367, 0.008529204408877366, 0.006102760421413676, 0.004019616337255322, 0.002699745424461606]; [0.031950362147866916, 0.026824144674719486, 0.020918030655316954, 0.0180316583916631, 0.013832052587406411, 0.01224218677598339, 0.009112481447751144, 0.0071793239981163505, 0.004699562308197319, 0.003539667865038588]; [0.032523634887665555, 0.027847413011238803, 0.022267923930263656, 0.018211624596512474, 0.015151921034000725, 0.012555492078520825, 0.008842512044347517, 0.007235993197139846, 0.004816222874969022, 0.0036196685641497555]; [0.03316691659178289, 0.027677431842610664, 0.02402774824823478, 0.018548262365637936, 0.015945177908175973, 0.013065443516560029, 0.009662436218059192, 0.007939255337700443, 0.005906113019514531, 0.0036029991982079687]; [0.032316970722473574, 0.028510670286381868, 0.023844442511147933, 0.019101559101057194, 0.0160085015094005, 0.013485407719585776, 0.010682333595274422, 0.00865251934459241, 0.005689464484636665, 0.004286272236917817]];
UBLSH2CandidateSetList2D = [[1196.6044824423172, 557.2979337420173, 314.8679980502836, 138.53763620534866, 79.65710948249637, 51.259391202116724, 25.346689345828523, 23.97213218278229, 10.328856378069746, 4.365401788973535]; [1882.2302171289218, 1079.0289846270405, 624.5624597034431, 327.4041874749633, 193.1014841418661, 95.63384577431198, 70.83866720672769, 39.52386674247978, 23.94019849993474, 13.989428003716919]; [2597.094928898871, 1539.8790519405277, 849.6543667465075, 536.8838310385282, 249.8004730569019, 152.53881933372529, 91.72249613663551, 58.57796119283997, 31.122965608070686, 18.421230596950462]; [3033.7766009655575, 1810.4572412941006, 1288.2091289505663, 649.8898851834442, 410.33625907128976, 202.270340731631, 129.43197901964416, 68.62689239961799, 41.192815430661675, 23.462307783580247]; [3586.5331538970945, 2162.7014383415803, 1324.2346219824533, 883.6280743926194, 510.46911036256876, 277.1307189425607, 150.5775865766696, 95.74114764837215, 59.8647821085137, 25.946313313359024]; [3866.9131075444434, 2505.816730103821, 1691.7903444436981, 925.4781528890849, 556.5775805699478, 323.0945866163183, 201.88256662614063, 116.67644178894686, 58.164780865687355, 31.3586212496499]; [4269.236945786334, 2996.6257536770245, 1923.0123960303602, 1100.1791306106632, 646.7582839178232, 403.8668143579484, 200.82182534848812, 134.25286178005754, 69.68101259749527, 43.57140704743163]; [4487.984129524818, 3247.8214342521565, 1993.375712085274, 1220.3884441478876, 693.0463715001474, 425.4850857800945, 237.57740245206142, 150.59547276475303, 70.37574357040833, 44.05343499156579]; [4840.346832349572, 3475.1479765905046, 2120.9297904740383, 1449.7689262718534, 826.2854581023802, 508.9052763149066, 298.5393947367217, 159.87403102054876, 89.45755251540193, 41.11124617399216]; [5030.095490133528, 3696.932199525731, 2340.3142667362386, 1505.5084081701123, 968.5984118017691, 533.1374189057569, 307.00875806067637, 178.73979738907238, 109.88321255154648, 56.562991404814376]];
UBLSH2PredictionCoverageList2D = [[0.9941905340167301, 0.9862512934094289, 0.9670297396417641, 0.9265368603810248, 0.8587130745022785, 0.7865567512413917, 0.6566022050928408, 0.6066063845420445, 0.46423677186449885, 0.2849859993373225]; [0.9989700966241086, 0.9970869367078464, 0.992390714598374, 0.9806218234919765, 0.958273866135718, 0.9136513228811584, 0.8497905202025957, 0.7719046126449856, 0.6593618624691842, 0.5488918965742973]; [0.9995000468288762, 0.9986867887551107, 0.9964103392007209, 0.9917207730931435, 0.9762555676523709, 0.9549742446927988, 0.9194340793065793, 0.8563502246974027, 0.7469873669082693, 0.6499724870309221]; [0.9996466995302322, 0.9991400798257984, 0.9982868262848759, 0.9946138393182178, 0.9885477150691608, 0.9728658860555116, 0.9472415666039531, 0.8980562376190789, 0.8177500144783699, 0.723548824708638]; [0.9997666883312862, 0.9993900577277772, 0.9985867996206143, 0.9969969441072525, 0.9920074293593083, 0.9817916598460447, 0.9600303409564551, 0.9257468877170206, 0.8804145957538415, 0.7442733783267487]; [0.9998166837317162, 0.9995733736294609, 0.9990900866249426, 0.9972335904423782, 0.9941205458150923, 0.9867512511129554, 0.9722625891874994, 0.9470449060706071, 0.8816007790680396, 0.7971621382613501]; [0.9998600128654654, 0.9996900298637357, 0.9992833999936872, 0.9980735119831303, 0.9955470861598273, 0.9907975089549085, 0.976225567219721, 0.9571539110699242, 0.9089451126032199, 0.8557500255398703]; [0.9998833443322793, 0.9997233591308857, 0.9993367289273746, 0.9984968060868437, 0.9961736909326663, 0.9923207191648263, 0.9826016117814053, 0.9640767420042957, 0.9100352663639099, 0.8547570503796491]; [0.9999133415991968, 0.9997633563310636, 0.9994633839951311, 0.9988667716901053, 0.9974402392772231, 0.9942605408147784, 0.9860613083749451, 0.9674729980184359, 0.934492724530179, 0.861206268073092]; [0.9999266735660056, 0.9997833538646862, 0.9994833826618704, 0.9990634221914254, 0.9978402054467733, 0.9946938269199356, 0.9875711571570819, 0.973052474668755, 0.9502179595622988, 0.8951699097471701]];