# ========================================================
# test case: UBKNN Prediction
# ========================================================
fileName = "yahoo-music"
UBKNNMaeList = 1.248997513509842
UBKNNRuntime = 17.582702259161564
# ========================================================
# test case: IBKNN Prediction
# ========================================================
fileName = "yahoo-music"
IBKNNMaeList = 1.0233401319649393
IBKNNRuntime = 2.412779905514359

# ========================================================
# test case: UBKNNLSH 2D
# ========================================================
fileName = "yahoo-music"
k = 20
UBKNNLSHMae2D = [[1.276195794077154, 1.2942959423020317, 1.31330882626379, 1.3541212556508126, 1.3768061006326817, 1.4122880346081, 1.4327566425673437, 1.47708821084201, 1.499327890098342, 1.540014927578051]; [1.2622504552654796, 1.2712081151064434, 1.287240467228525, 1.307888321017524, 1.3325104970877872, 1.3553931761695643, 1.4039538886017864, 1.429077167617417, 1.4613153445664857, 1.494975285599584]; [1.2563099596387997, 1.262039244732555, 1.2749819806171743, 1.2876247328416566, 1.312121273228069, 1.3463589748373292, 1.3758379741530558, 1.4032680289971313, 1.4371356337981476, 1.4621617400057225]; [1.2512090948434011, 1.253988677481859, 1.26545943706113, 1.2752727784482085, 1.2938084992550427, 1.3197842997762297, 1.3532434489981904, 1.3851482214665667, 1.4235123996380648, 1.440442426610395]; [1.253119952855439, 1.251910949258037, 1.2624767332422895, 1.271632905295349, 1.2846791461937979, 1.311695245654456, 1.3443850054087532, 1.3753842879346927, 1.406117241580241, 1.4429435648730553]; [1.2500408966991456, 1.248181376345593, 1.2567719792151608, 1.2686482353994017, 1.2750994249488377, 1.2965517829071338, 1.332294099488096, 1.3647548136615137, 1.3907381711731464, 1.4218728676231134]; [1.250931727596851, 1.250799711998656, 1.2539728296470125, 1.2613666543243538, 1.275198813612789, 1.2947763557961676, 1.315075728001828, 1.3513519576936055, 1.3933013311784779, 1.412901075340139]; [1.249565874619229, 1.2471118387372722, 1.252883566797862, 1.260276916221338, 1.2702357196520413, 1.2886057780932332, 1.3093956818070207, 1.3407068582100103, 1.373867975066892, 1.3989232492042667]; [1.2507459726842118, 1.2502990676186612, 1.2510182434407888, 1.2563249251536739, 1.2653653259611168, 1.2826915594637773, 1.3074289864505884, 1.335108332820763, 1.3733928252854495, 1.3973770730673412]; [1.250968566494405, 1.2501891847505113, 1.248649223444419, 1.2547796813392598, 1.2631787725560546, 1.2777496149566678, 1.2960543423037865, 1.326795529289912, 1.3656804384376502, 1.3888915823463706]];
UBKNNLSHRuntime2D = [[1.1474205374882842, 0.6634277693023433, 0.45525482217728014, 0.31696705287275745, 0.2367294339988308, 0.24455592130374812, 0.30022266215315613, 0.3193073544107536, 0.41216853912076856, 0.5269945458022512]; [1.690064716069638, 1.0036095159967187, 0.6452915281031466, 0.4479633352105528, 0.3043224412634629, 0.24702393478701778, 0.23828821781421125, 0.2789290869376631, 0.29109096622540315, 0.3363539165910618]; [2.2770212378087686, 1.449530580621639, 0.8642103672736242, 0.5929600823563609, 0.41128676070938486, 0.28485729229815615, 0.2517678638840344, 0.24705682031078055, 0.26916119374342745, 0.27791205479238734]; [2.979299972655182, 1.8875581077385835, 1.0758909853249474, 0.7385114997523443, 0.49558744000934896, 0.35745826959656757, 0.28104124662719804, 0.20952847358908547, 0.2252973224842473, 0.2739870976920913]; [3.5956248290948865, 2.1396864460851335, 1.3995898277276455, 0.7641553169920755, 0.5846247828936832, 0.38006446123987275, 0.2829290138700508, 0.24334953536207313, 0.25163265798040574, 0.25781262024553325]; [4.010728283656913, 2.5196335794366966, 1.49274450824902, 0.8525652769204403, 0.6387743807335726, 0.43167965491148585, 0.3123206379917432, 0.24557429500958317, 0.2057332724327663, 0.24460172400006064]; [4.584121775590192, 2.923553003372527, 1.7229696472518459, 1.0789444900191414, 0.6738181931135502, 0.4518565252204542, 0.345395922689937, 0.26306288387523574, 0.2384160514460444, 0.2416476220027791]; [4.7648436787895365, 3.226725002278735, 1.8851699936195423, 1.1124327773220308, 0.7409291338497481, 0.5112379033557978, 0.3772466997277799, 0.28551559793909526, 0.24262342364489609, 0.21410440030393119]; [5.248427672955976, 3.4703673320572417, 2.1108376629295416, 1.3074013307811503, 0.8582213742989652, 0.48960031444087515, 0.37172943544658194, 0.2825331549478061, 0.24330812162433077, 0.23512330677600493]; [5.540716434235712, 3.7045483547534412, 2.3292042657916325, 1.3477349375626655, 0.9257760455878475, 0.5353427070362751, 0.40466939489055487, 0.30084869016755206, 0.24945304983811267, 0.23934161017849273]];
UBKNNLSHCandidateSetList2D = [[2565.4191232340618, 1183.9197246524593, 660.3837058739808, 320.14822772256963, 158.7147386421823, 90.48450758703193, 49.40501440716937, 26.5847888893952, 14.811432510321447, 7.436217967927777]; [3968.032934998657, 2168.748743112912, 1167.1324151063802, 606.8477801116378, 314.24996176041395, 209.56535152558104, 95.84627247794288, 53.24966476493494, 27.756315724265733, 14.296090350475469]; [5516.588886805382, 3173.330886536785, 1783.882223830665, 946.5794181467023, 507.7082999897944, 245.16636564078496, 136.06720293316295, 83.38033152271687, 41.88026616482079, 23.46408488721718]; [7137.683519002655, 4192.074531561533, 2269.4939768997733, 1305.0079903806181, 689.7028850053158, 381.46290510162436, 199.13787455014733, 105.72845591202797, 55.17758068818762, 31.63529532371312]; [8145.364994357146, 4966.598727904578, 2880.6279825381716, 1518.1053877591596, 871.3170654079214, 433.3994769707558, 236.3532440330157, 127.01372255190601, 73.57942730947272, 34.88421803999454]; [9114.805094423997, 5832.761322792572, 3246.675647093576, 1741.8599058358013, 1069.7573155042999, 548.135516446354, 295.8815554622133, 147.88730157037574, 86.35625277990192, 44.484423213303536]; [10106.20114545309, 6688.22416928652, 3844.8965537373665, 2144.7812301966424, 1211.6543613286578, 602.1114694637214, 357.86797242957437, 184.996321808288, 95.83699687331007, 57.06716377285924]; [10799.328196376913, 7176.556943716782, 4211.721227108032, 2293.147253552282, 1334.7353630175612, 734.3147180652094, 422.97485087035847, 227.52680786975972, 116.90751545836592, 68.82924784929078]; [11472.046986517431, 7751.020720484975, 4741.592204118009, 2697.734953027091, 1530.025887383127, 802.7881901904561, 416.9915842912178, 235.4015261303393, 121.22626330548599, 69.00295666905394]; [12069.842264295703, 8181.678753217322, 5131.181476897684, 2898.867643010612, 1705.1083757382446, 861.5239774441299, 508.63567225652696, 264.87136417672383, 139.63666824069784, 80.70763860718455]];
UBKNNLSHPredictionCoverageList2D = [[0.9997721265153586, 0.9985598395770667, 0.9890894175553733, 0.955491750979856, 0.88576246467961, 0.7742411812961444, 0.6528666484367879, 0.5076474341445629, 0.3946768753987786, 0.2697110564214748]; [1.0, 1.0, 0.9995624829094886, 0.994403427217209, 0.9709415732385379, 0.9206909124054324, 0.8152128338346549, 0.6940023698842402, 0.5588825084313189, 0.42783702488378456]; [1.0, 1.0, 0.9999726551818431, 0.9991887703946768, 0.9915777960076566, 0.9581806580986236, 0.888332877586364, 0.8024792635128977, 0.6581077385835384, 0.5354297693920335]; [1.0, 1.0, 1.0, 0.9998997356667578, 0.9966274724273084, 0.9830553276820709, 0.9355756084222041, 0.8536778780421109, 0.7308176100628931, 0.605177285571051]; [1.0, 1.0, 1.0, 0.9999361954243003, 0.999134080758363, 0.9902652447361224, 0.9572144745237443, 0.884759821347188, 0.7893264059794002, 0.6432777322030808]; [1.0, 1.0, 1.0, 0.9999908850606144, 0.9996445173639595, 0.9952875763376173, 0.9739859629933462, 0.9088323762646979, 0.8252939567951874, 0.6934828183392581]; [1.0, 1.0, 1.0, 1.0, 0.999735666757816, 0.9969647251845775, 0.9829641782882144, 0.9372436423297786, 0.8420289855072464, 0.7404521009935284]; [1.0, 1.0, 1.0, 1.0, 0.9999453103636862, 0.9984686901832102, 0.9892990611612432, 0.9531583264971287, 0.8720353659648165, 0.7792088232613253]; [1.0, 1.0, 1.0, 1.0, 0.9999635402424575, 0.9991978853340626, 0.9911493938565309, 0.959484094430772, 0.889572509342813, 0.7881141190411084]; [1.0, 1.0, 1.0, 1.0, 0.9999908850606144, 0.999498678333789, 0.9943487375808951, 0.9711329869656367, 0.9075107100537781, 0.8189773038009297]];
# ========================================================
# test case: IBKNNLSH 2D
# ========================================================
fileName = "yahoo-music"
k = 20
IBKNNLSHMae2D = [[1.0926354166866945, 1.109521722467173, 1.1417195006264045, 1.1426035604305846, 1.1298146627670214, 1.1144173693813666, 1.1056503738798618, 1.1250868225480763, 1.1231151192293438, 1.150188438016874]; [1.0561598866143138, 1.086581257939166, 1.118681725768005, 1.1348767606167738, 1.1396307407555948, 1.1264867110346364, 1.128162613095318, 1.0918765915239363, 1.0772738713484677, 1.1337768626838958]; [1.037247438254889, 1.0641438090681818, 1.092329205126068, 1.1151069713487007, 1.1262947933858811, 1.1387393549966978, 1.1191900543250255, 1.11620245284723, 1.1133802566873576, 1.1284886592716203]; [1.0310572121745893, 1.0546867627878331, 1.081517049530637, 1.1085853621105939, 1.124539693347745, 1.1349314668764332, 1.144857684618065, 1.1347698591119861, 1.1056927115109965, 1.1129007817728072]; [1.0222886223194083, 1.0399631449093552, 1.0754489421656626, 1.0981013409020564, 1.1259378022340156, 1.1441744058365104, 1.1405141474910117, 1.1128511234628677, 1.1134813433488724, 1.085014768787241]; [1.0203393120180009, 1.0360156070226656, 1.0594557108048221, 1.088312919839269, 1.1074313663238213, 1.1330075035074467, 1.1360786438252939, 1.1248699645057914, 1.0895640443998162, 1.1016129793969724]; [1.0151092760567464, 1.0282351716681981, 1.05481786975795, 1.080605849761694, 1.1060913683762659, 1.1233262954704848, 1.1304746030006607, 1.123968137079678, 1.1254759920657127, 1.1029446677373806]; [1.0137755911918116, 1.0278059532571053, 1.04335740649044, 1.076638489054518, 1.100328314404741, 1.1315986777498852, 1.122414217433947, 1.1264859787432864, 1.13173390988734, 1.078568744454113]; [1.0122935271853415, 1.0268829837535869, 1.03958191364181, 1.0724058471623092, 1.0978904690682747, 1.1193954147782053, 1.13178103717022, 1.1262995327151224, 1.1212572177692854, 1.1090972798787007]; [1.0091605351154926, 1.0209609006402982, 1.040703679239199, 1.0587116457231422, 1.091015586525609, 1.1196447959216165, 1.1299292306999102, 1.1298687059321153, 1.1160284304577017, 1.1095520274968174]];
IBKNNLSHRuntime2D = [[0.8564916218187123, 0.5362570575562203, 0.5453441563704148, 0.39459422013081863, 0.2662827228387303, 0.2718730648898899, 0.3458218667542378, 0.35098246525128857, 0.3581219806763285, 0.29929299862783854]; [1.53330320018999, 0.8536523409094846, 0.6333996542571544, 0.538160804066953, 0.37167207351640447, 0.385576192089683, 0.408100196188188, 0.3013637058721423, 0.2898491139968938, 0.3586079454084234]; [2.1459013732546244, 1.2597333365338579, 0.8446586815850058, 0.6204641569414117, 0.42057585843853934, 0.37761253567659264, 0.349871927315647, 0.35475814208260464, 0.3500430456020589, 0.24615372630363785]; [2.5710372920177242, 1.4889647848986156, 1.0179922483818509, 0.5824430595782032, 0.5040650543756623, 0.35009646739872485, 0.34038808131817877, 0.3573923998575568, 0.26004491462938945, 0.30618627302268653]; [3.1147136029099265, 1.7223017461060797, 0.9800726018984932, 0.6218412523188271, 0.48902532531168924, 0.33998079182173874, 0.28583828271626904, 0.25821805273627596, 0.23761943211098405, 0.40673681139395085]; [3.0815366556097903, 2.055607027669117, 1.1854495654243056, 0.8568903198932345, 0.5101695592337262, 0.3868399091363621, 0.351472928618678, 0.3036590297704363, 0.30458708026068715, 0.24158608317118627]; [3.8535386923269623, 2.615169724038355, 1.463324974404066, 0.9720143539713538, 0.6281753891475804, 0.42735863123644896, 0.4160605135701911, 0.28937980009839975, 0.31105283661231614, 0.26294982764513064]; [4.007108567941325, 2.782208255497274, 1.778376121920065, 1.0642061193968273, 0.6694535617925793, 0.4709457927363887, 0.37411547457455807, 0.32411469589568226, 0.2850212470434061, 0.28414262815664554]; [4.215358672864826, 2.8938498878238854, 1.8684175354981487, 1.14377242292363, 0.754534565715265, 0.49341107265745676, 0.39834362315986716, 0.3608336627722643, 0.3505187777421542, 0.41595446360312555]; [4.544052502050861, 3.0753925440339565, 1.9327289050519856, 1.3076417838444874, 0.8213655795106077, 0.5299400748811633, 0.4332423019353602, 0.34267983425201815, 0.34381408325489676, 0.2645869045643155]];
IBKNNLSHCandidateSetList2D = [[127.44762073685028, 67.82812169552712, 37.13915059824861, 18.769101996144176, 8.327783209668949, 4.383769422144147, 2.5235414868866464, 0.9782796470370383, 0.47110896212848247, 0.23336463662920381]; [250.40723749478514, 127.84584921015797, 74.93679592597438, 36.78988597380842, 18.514205192429245, 9.597850532124108, 5.096991143851407, 2.32603702728825, 1.035695930210698, 0.5260851718387525]; [348.0975488993359, 196.34882855902814, 105.30492509112514, 59.25231824461819, 27.47966834484581, 13.556953542995913, 6.771296676545387, 3.630026905868233, 1.8380907237578723, 0.9034055560386719]; [439.9296470216623, 245.72021080167315, 134.8476123438733, 69.55330420317208, 38.913205943264494, 18.76093008885849, 9.607574938966467, 4.961910253706495, 2.2937978026936023, 1.1756262562067534]; [522.3574713639275, 291.2148534314128, 164.81963396300628, 89.63692946371178, 45.727862656667064, 23.000428859675793, 12.00619943232765, 6.295881389438395, 3.254958126343523, 1.522218766859825]; [587.3155528024668, 357.652990626804, 190.83375295233148, 106.24598294748237, 54.992174325510575, 28.912359725660355, 15.399315315960813, 7.767852142640806, 3.754166259394531, 1.8246989143693917]; [636.772577630201, 398.4240119781007, 226.0232606457126, 125.67759623730306, 61.02643411906548, 32.41310499747713, 16.75823133398068, 8.228314160695573, 4.427158555291357, 2.185678096626661]; [683.2331248957357, 433.998218599959, 257.5437913095133, 137.69315262480404, 73.8637608359799, 36.887186445263914, 18.477023615942922, 9.874330046668826, 5.03303714158838, 2.628203190333627]; [726.6989732972419, 472.9011292458243, 273.86633210704866, 150.82519736521166, 82.63032504413083, 42.53059028362782, 22.875530053229966, 11.039349076015597, 5.79124229411412, 3.118909286047534]; [771.5213684721576, 511.1710841653142, 294.85518178722157, 170.07827184174258, 91.28271884019772, 46.38372722661336, 24.332515943171046, 12.468852002013056, 6.581495942551816, 3.211268717700032]];
IBKNNLSHPredictionCoverageList2D = [[0.9149120408349285, 0.7706043204812688, 0.594038829641783, 0.40788442256858987, 0.24082581350834018, 0.1462036277458755, 0.10430225139002826, 0.05084313189317291, 0.030507702123780876, 0.017682982408166986]; [0.9844499134080759, 0.9216206362227691, 0.8024519186947408, 0.6338893446358581, 0.4183027982863914, 0.2766019505970285, 0.18001093792726278, 0.10379181478443168, 0.0550998085862729, 0.034846413271351746]; [0.9967368516999362, 0.9711603317837936, 0.8956065992161152, 0.764451736395953, 0.543432686172637, 0.3641874031537691, 0.21978853340625285, 0.1336523562118312, 0.08005651262419104, 0.048345638501503974]; [0.999079391122049, 0.9863458208002917, 0.9343086318475983, 0.8071096527208094, 0.6612706225503601, 0.43676055054233887, 0.2929176920973475, 0.17293774496399603, 0.09932549448546167, 0.0647160696381369]; [0.9996262874851882, 0.9938200710965273, 0.9599216115212834, 0.8663658736669401, 0.7052228602679792, 0.5008203445447088, 0.33657825175462586, 0.21756448819615348, 0.13522924072554918, 0.08178835110746514]; [0.9999361954243003, 0.9970011849421202, 0.9750797557196244, 0.9033998723908486, 0.7639595296691276, 0.5798286391395497, 0.41179473156503504, 0.25361407346641146, 0.15917418649165982, 0.08412177559019234]; [0.9999908850606144, 0.998632759092152, 0.9843040743779055, 0.931792908577158, 0.7947133351563211, 0.603336067815149, 0.4288305532768207, 0.2577157961899553, 0.17075015951143924, 0.09833196609242549]; [0.9999817701212287, 0.999343724364233, 0.9907574514629478, 0.9458299152310637, 0.8363868380275271, 0.6444079846869019, 0.45011393674232064, 0.29506881779236166, 0.18823261325312188, 0.1137544435329505]; [1.0, 0.9995898277276457, 0.9933916689454015, 0.9586090602497492, 0.8641327135174551, 0.6894722450095706, 0.5072190319934372, 0.3236441527663841, 0.21098350195971197, 0.14224774405250204]; [1.0, 0.9997630115759731, 0.9950961626105187, 0.9690000911493938, 0.8848236259228875, 0.7210646249202443, 0.5409351927809681, 0.3551636131619725, 0.2359493209370158, 0.1253577613708869]];
# ========================================================
# test case: IBLSH1 2D
# ========================================================
fileName = "yahoo-music"
k = 20
IBLSH1Mae2D = [[1.0878438113087379, 1.1099100737328784, 1.1374015425527706, 1.1423268672965559, 1.1334104465510142, 1.1425088246955368, 1.1351083218115443, 1.1046953263853079, 1.0577155373893437, 1.1259249420388329]; [1.0551237675789178, 1.0813785530120485, 1.1178982040104233, 1.1396156508420032, 1.1234958784207698, 1.1339545431934765, 1.150049414735709, 1.0823743593570887, 1.1192530783556787, 1.0768661824315109]; [1.0481309086890165, 1.064149052876642, 1.094851351338141, 1.1171946230050291, 1.1421657631087347, 1.1391252951902509, 1.1203730653956194, 1.1144578939512941, 1.1014716614899385, 1.1248396616287397]; [1.0373923835803713, 1.0580338537382727, 1.0822379033113116, 1.1036431181982411, 1.1219709779425389, 1.1414734010616208, 1.142583386317951, 1.1292904089632188, 1.1180250609199471, 1.1164089591070436]; [1.0331673131774937, 1.0492541481578719, 1.0732282338776622, 1.094913014534357, 1.1150417000944481, 1.1333865023527914, 1.1280168207109431, 1.1261974421980643, 1.1213478626494358, 1.1109991004280266]; [1.0326592719278975, 1.04347030730693, 1.060284476263891, 1.0903216993160667, 1.1087534322314128, 1.1251069162887852, 1.1363676194445127, 1.131410074395548, 1.1123914690113217, 1.0661142560618477]; [1.029974269790457, 1.0383247096156591, 1.0591362084412248, 1.085686075343755, 1.1114582904033197, 1.1325884855461725, 1.1321036440159453, 1.13603054299435, 1.1026061860334078, 1.0814534857046239]; [1.0292078587690294, 1.0380863604908432, 1.0514547723638759, 1.079426673255577, 1.1068490374405828, 1.1244185239412, 1.1358770220569943, 1.1325250828680817, 1.1255288211817651, 1.109235275592795]; [1.027719306294742, 1.0335865987060393, 1.0472687535885103, 1.0717903850701525, 1.0964906034543496, 1.10939188050335, 1.1332521991870355, 1.1337136854974967, 1.092480463691367, 1.0899493287071798]; [1.0254787262302512, 1.0336354770933975, 1.0452127387524834, 1.0618946773619236, 1.0896708433516107, 1.1172783988174217, 1.1250212940474926, 1.1057457995326547, 1.1105874624812297, 1.1146557255343208]];
IBLSH1Runtime2D = [[0.027007565399690094, 0.01390939750250661, 0.00659010117582718, 0.0032540333606781518, 0.0016406890894175555, 0.0010208732111931455, 8.112296053231246E-4, 8.112296053231246E-4, 5.924710600674505E-4, 6.289308176100629E-4]; [0.061744599398414, 0.030535046941937833, 0.014337799653632305, 0.007045848145109834, 0.0033360678151490293, 0.003773584905660377, 9.935283930361863E-4, 9.388387567222679E-4, 9.297238173366149E-4, 6.38045756995716E-4]; [0.11574150031902287, 0.04440798468690183, 0.02502050861361772, 0.010391030899644516, 0.004876492571324401, 0.002798286391395497, 0.003728010208732112, 0.001184942120134901, 6.927353933096344E-4, 7.838847871661654E-4]; [0.15567404976756904, 0.05736942849330051, 0.027636496217300157, 0.01421019050223316, 0.009160514082581351, 0.003764469966274724, 0.0018776775134445355, 0.003144654088050314, 0.0010026433324218395, 7.838847871661654E-4]; [0.20082034454470876, 0.07662929541518548, 0.03740771123872026, 0.017464223862911313, 0.009233433597666575, 0.0051681706316653, 0.0026706772399963537, 0.0015039649986327592, 0.0012031719989062074, 9.844134536505331E-4]; [0.226642967824264, 0.11643423571233251, 0.04906571871297055, 0.025849968097712155, 0.016333971379090328, 0.00537781423753532, 0.003281378178835111, 0.0019597119679154134, 0.0012305168170631665, 0.0011302524838209826]; [0.3150852246832559, 0.14502780056512624, 0.0558198887977395, 0.025922887612797374, 0.013836477987421382, 0.0069364688724819976, 0.003527481542247744, 0.0022878497857989244, 0.0016224592106462493, 9.844134536505331E-4]; [0.39188770394676875, 0.1562482909488652, 0.060404703308722996, 0.026606508066721362, 0.013809133169264423, 0.007893537507975572, 0.004338711147570868, 0.00257041290675417, 0.0017227235438884332, 0.0011575973019779418]; [0.43422659739312736, 0.17096891805669492, 0.0725458025704129, 0.03528393036186309, 0.016024063439978125, 0.008914410719168717, 0.004466320298970012, 0.0026980220581533133, 0.0015768845137179837, 0.0011484823625922888]; [0.45119861452921334, 0.18551636131619728, 0.08548901649804029, 0.040424756175371425, 0.019013763558472337, 0.011885880958891622, 0.005569227964634035, 0.0031081943305077023, 0.0017865281195880045, 0.0011940570595205542]];
IBLSH1CandidateSetList2D = [[141.39145018685625, 73.62269619907029, 36.670677239996344, 18.2297967368517, 8.742156594658645, 4.552693464588461, 2.901394585726005, 1.1886336705860907, 0.6527572691641601, 0.2855072463768116]; [251.89746604685078, 144.50376446996628, 67.8893993254945, 38.49479536961079, 20.327499772126515, 10.370239722905843, 5.8446449731109285, 3.5459210646249204, 2.359857806945584, 1.6626196335794365]; [348.03969556102453, 196.1525202807401, 103.98537052228602, 54.15804393400784, 28.623443624099902, 14.935010482180294, 8.721246923707957, 4.767295597484277, 2.937991067359402, 2.0216388661015405]; [439.35821711785616, 246.7827818795005, 133.5626378634582, 76.56422386291132, 37.961124783520184, 20.70952511165801, 10.946467960988059, 6.112697110564215, 3.6524017865281198, 2.4650624373347916]; [531.0085224683256, 293.9257132440069, 171.93642329778507, 91.16048673776321, 47.13975936560022, 24.925157232704404, 12.998104092607784, 7.723762646978398, 4.518558016589189, 2.7488378452283286]; [569.8218029350104, 345.979436696746, 193.65264788989154, 108.37456020417464, 55.72469237079574, 29.199571597848873, 16.18719351016316, 8.517546258317383, 4.890155865463495, 3.1051408258135083]; [640.4228420381005, 394.4761917783247, 227.49547899006473, 119.32004375170904, 64.01401877677513, 35.22170267067724, 18.614292224956703, 10.13107282836569, 5.66873575790721, 3.4485917418649166]; [693.3621274268526, 441.0627016680339, 254.50339075745146, 136.4044572053596, 72.4805578342904, 39.56720444809042, 21.0511439248929, 11.03105459848692, 6.350925166347643, 3.776437881688087]; [732.3463859265336, 479.0932731747334, 278.4930726460669, 155.4575152675235, 81.61160331783793, 43.343195697748605, 22.499243460030993, 12.967888068544346, 6.949731109288123, 3.962300610700938]; [763.995296691277, 510.9319752073649, 305.68138729377443, 171.09456749612616, 93.29318202533953, 49.369811320754714, 25.71906845319479, 13.34050679062984, 7.65799835931091, 4.471233251298879]];
IBLSH1PredictionCoverageList2D = [[0.9145200984413454, 0.7838392124692372, 0.5928812323398049, 0.39207911767386744, 0.24547443259502325, 0.15960258864278554, 0.10752893993254946, 0.05277549904293136, 0.03305077021237809, 0.014091696290219669]; [0.9845137179837754, 0.9297602770941573, 0.7840944307720354, 0.616525385106189, 0.4472974204721539, 0.2660468507884423, 0.1632212195788898, 0.0970285297602771, 0.06798833287758636, 0.02824719715613891]; [0.9963266794275819, 0.9726825266611977, 0.887494303162884, 0.7348372983319661, 0.5400875034181022, 0.35555555555555557, 0.24477258226232798, 0.130872299699207, 0.07370339987239084, 0.04487284659557014]; [0.9988424026980219, 0.9862090967095068, 0.9358764014219306, 0.8279099443988698, 0.6330325403336068, 0.45581077385835383, 0.2859083037097803, 0.17984686901832103, 0.1100264333242184, 0.06422386291131164]; [0.9997265518184304, 0.9934190137635586, 0.9641418284568409, 0.8749248017500683, 0.7038282745419743, 0.5232886701303436, 0.34455382371707227, 0.2227508887065901, 0.14224774405250207, 0.07267341172181206]; [0.9998723908486009, 0.9972655181843041, 0.9765290310819433, 0.9036733205724182, 0.7576702214930271, 0.5664296782426396, 0.39303618630936105, 0.2519733843769939, 0.16028620909670951, 0.08862455564670495]; [0.9999726551818431, 0.9986509889709234, 0.9845319478625467, 0.9231884057971014, 0.7995442530307173, 0.6295779783064442, 0.437125148117765, 0.2858171543159238, 0.17399507793273175, 0.10304438975480813]; [0.9999908850606144, 0.9991887703946768, 0.9900556011302525, 0.9435329505058792, 0.8283656913681524, 0.6626105186400509, 0.4729833196609243, 0.30657187129705593, 0.1805122595934737, 0.10672682526661198]; [1.0, 0.9995989426670313, 0.9935101631574149, 0.9585361407346641, 0.858800473976848, 0.6949412086409626, 0.4996992070002735, 0.34468143286847147, 0.21141190411083766, 0.11899553367970105]; [1.0, 0.9997265518184304, 0.9957615531856714, 0.9708686537234529, 0.8853705222860269, 0.7374441709962629, 0.5435967550815788, 0.35017774131802026, 0.23803664205633032, 0.13311457478807764]];
# ========================================================
# test case: UBLSH1 2D
# ========================================================
fileName = "yahoo-music"
k = 20
UBLSH1Mae2D = [[1.3161556457367432, 1.315997254870747, 1.3350634854332306, 1.354877034844244, 1.392919891298461, 1.4207947437760235, 1.4565746805099, 1.4786472402171296, 1.5115090173510624, 1.5235596243041318]; [1.3130140709947933, 1.3112595785487595, 1.315654515518529, 1.3250752413974929, 1.3451172748157258, 1.3751417093445244, 1.4041212739645654, 1.4282002777720193, 1.4766069854973634, 1.4966009657795576]; [1.3084764092247085, 1.3055750178506809, 1.3086642889190807, 1.3133066868513659, 1.3234008555582581, 1.3526207024915848, 1.3892288894832934, 1.4093481861551778, 1.447582738241674, 1.469281867417932]; [1.3056700110270127, 1.3029837710156271, 1.3032668796504032, 1.3086541613979132, 1.314177509725934, 1.3351142846021482, 1.3589665478658892, 1.4000059304913004, 1.4326811111167623, 1.4616445085992797]; [1.3015062679772218, 1.302616742111293, 1.3015905993760446, 1.3028162744327847, 1.30758555945216, 1.3257764755337689, 1.3514504351926824, 1.3777749331098441, 1.4071431631830844, 1.4440934173028914]; [1.3008771535478685, 1.3020561386642073, 1.2995383116957435, 1.3020261846162724, 1.3064282947602788, 1.3190219989966578, 1.3388673229699322, 1.366802141757405, 1.4027829127343405, 1.42542185032726]; [1.3005253864969155, 1.2992555254519316, 1.2978591663936845, 1.2974771187617669, 1.302097373030906, 1.3110022296426176, 1.3309388547964225, 1.356507569082013, 1.387414917008898, 1.421258313503922]; [1.299834501053888, 1.2961017722660706, 1.29851292151285, 1.296992591284683, 1.2986155391069418, 1.3087944672212346, 1.320655354947068, 1.3559634657433717, 1.3851196285897887, 1.4117715960714128]; [1.2970059789312678, 1.2915963907723669, 1.296460099657053, 1.2959858872204162, 1.2995126281716907, 1.306046603456166, 1.320912717650559, 1.3470960199930302, 1.376723989451824, 1.4069505087865626]; [1.2933971323865665, 1.292360032441424, 1.2978191164764388, 1.296526757967068, 1.2975552958530259, 1.3025226860325414, 1.3170460201096843, 1.3390194863602352, 1.370492722352618, 1.3982777695518964]];
UBLSH1Runtime2D = [[1.2249384741591467, 0.5377358490566038, 0.2040014583903017, 0.07981040926077841, 0.03163795460760186, 0.019360131255127155, 0.008249020144016043, 0.005295779783064443, 0.002242275088870659, 0.0016771488469601678]; [2.7048856075107097, 0.9789444900191414, 0.4036095159967186, 0.1907118767660195, 0.08792270531400966, 0.04067085953878407, 0.020927900829459486, 0.010628019323671497, 0.00416552729924346, 0.002652447361225048]; [3.52170267067724, 1.3452192142922248, 0.5264788989153223, 0.26589189681888614, 0.14855528210737398, 0.061817518913499216, 0.030352748154224774, 0.019132257770485824, 0.00797557196244645, 0.00466684896545438]; [5.131738218940844, 1.8926168990976209, 0.6903017044936651, 0.3571415550086592, 0.1724455382371707, 0.08588095889162338, 0.04280375535502689, 0.020444809042019868, 0.013034363321483911, 0.004575699571597849]; [6.162409989973567, 2.398641874031538, 0.8871661653450005, 0.4059155956612888, 0.22002552183027982, 0.10968006562756356, 0.055036004010573326, 0.026661197703035277, 0.014037006653905752, 0.009835019597119679]; [9.183912131984322, 3.1458025704129065, 1.1755993072646067, 0.5081943305077021, 0.21617901740953424, 0.12584996809771215, 0.0688360222404521, 0.030917874396135265, 0.01837571780147662, 0.008650077476984779]; [11.971862182116489, 3.9181934190137633, 1.302679792179382, 0.6070367332057242, 0.28458663749886065, 0.1466867195333151, 0.07098714793546623, 0.03907574514629478, 0.01846686719533315, 0.012915869109470422]; [14.258928083128247, 4.214693282289673, 1.4915960258864278, 0.724145474432595, 0.33367058609060246, 0.14953058062163885, 0.09052046303892079, 0.04428949047488834, 0.02484732476529031, 0.013872937744963995]; [16.148737580895087, 5.457861635220126, 1.7907392215841764, 0.7805122595934737, 0.37518913499225226, 0.20319022878497858, 0.08706590101175826, 0.04726096071461125, 0.029104001458390302, 0.012897639230699115]; [18.727691185853615, 5.566502597757725, 2.38276364962173, 0.893510163157415, 0.37733114574788074, 0.21590556922796464, 0.1120681797466047, 0.05548263604047033, 0.027262783702488382, 0.015194603955883693]];
UBLSH1CandidateSetList2D = [[2246.6276729559745, 1217.5963995989425, 638.3218758545256, 298.1700027344818, 143.79423935830826, 87.43724364232979, 47.14916598304621, 29.391577796007656, 12.475581077385835, 8.22010755628475]; [4458.726223680613, 2241.8391577796006, 1210.1732111931453, 659.5712788259958, 343.0436605596572, 176.38191596025885, 103.94436240998998, 60.914957615531854, 26.9377996536323, 16.208148755810775]; [5560.371534044299, 3169.5821529486834, 1741.868407620089, 944.4244462674324, 532.017181660742, 251.94348737580893, 140.99763011575973, 83.5564761644335, 42.075362318840575, 26.27136997538966]; [7188.097229058428, 4236.4625375991245, 2235.6713152857533, 1314.1093792726278, 674.2652903108194, 367.46107920882326, 193.1215386017683, 98.60257952784612, 56.2177285571051, 28.645401513079936]; [8321.661398231701, 4946.302296964725, 2740.639449457661, 1549.31127518002, 863.8663567587276, 453.46429678242635, 244.8968735757907, 139.5892626014037, 74.07175280284386, 43.532403609515995]; [9353.347297420472, 5809.2058700209645, 3393.769966274724, 1832.5552456476164, 959.4725549175099, 528.8988059429404, 298.39672773676057, 162.69399325494484, 86.24315012305169, 48.48489654543797]; [10312.93115486282, 6482.308914410719, 3764.5998450460306, 2201.6259684623096, 1136.8202898550724, 628.3404794458116, 361.3859903381643, 196.97672044480905, 101.35372345273903, 58.58382098259046]; [10927.577832467412, 6952.728757633762, 4166.036304803573, 2478.864424391578, 1309.7149393856532, 704.5619542430044, 402.3906480721903, 210.17156138911676, 118.19998177012123, 61.48118676510801]; [11475.425713244009, 7929.9797921793825, 4574.615066994805, 2737.068662838392, 1459.262637863458, 838.0765928356576, 440.9098532494759, 232.57811503053506, 129.57604593929452, 71.1548263604047]; [12116.236395952967, 8114.347142466503, 5152.462501139368, 3001.1245009570684, 1566.9267250022788, 920.4920608877951, 498.0039923434509, 258.45554644061616, 141.26261051864006, 79.15633944034272]];
UBLSH1PredictionCoverageList2D = [[0.9999179655455291, 0.9987694831829369, 0.988360222404521, 0.9580621638866101, 0.8819068453194786, 0.7760550542338893, 0.6478625467140643, 0.5294230243368881, 0.37225412451007206, 0.2842311548628202]; [1.0, 1.0, 0.9996171725458026, 0.9948409443077204, 0.9721903199343725, 0.9134080758362956, 0.8217755901923253, 0.7050952511165801, 0.5506243733479173, 0.4291313462765472]; [1.0, 1.0, 0.9999635402424575, 0.9990429313645065, 0.9921793820071096, 0.9582535776137089, 0.8943305077021239, 0.7998268161516725, 0.6639959894266704, 0.5500319022878498]; [1.0, 1.0, 1.0, 0.9997812414547443, 0.9972746331236898, 0.9825448910764744, 0.9353933096344909, 0.8391030899644517, 0.7318384832740863, 0.5776501686263786]; [1.0, 1.0, 1.0, 0.9999361954243003, 0.9990702761826634, 0.9915869109470422, 0.9589554279464042, 0.8911493938565309, 0.7829732932276001, 0.6630753805487194]; [1.0, 1.0, 1.0, 0.9999908850606144, 0.9996900920608879, 0.9946586455200072, 0.97404065262966, 0.9183483729833196, 0.8184668671953331, 0.7029350104821802]; [1.0, 1.0, 1.0, 1.0, 0.9998541609698295, 0.9973019779418467, 0.9834108103181114, 0.9398231701759183, 0.8484914775316744, 0.7392033542976938]; [1.0, 1.0, 1.0, 1.0, 0.9999361954243003, 0.9985416096982954, 0.9877768662838392, 0.9490566037735849, 0.8767113298696564, 0.7569774860997175]; [1.0, 1.0, 1.0, 1.0, 0.9999270804849147, 0.999289034727919, 0.9915048764925714, 0.9580439340078387, 0.893719806763285, 0.7905386929176922]; [1.0, 1.0, 1.0, 1.0, 0.9999635402424575, 0.9995077932731747, 0.9939385653085407, 0.9681068270895997, 0.9043204812687996, 0.812478352018959]];
# ========================================================
# test case: IBLSH2 2D
# ========================================================
fileName = "yahoo-music"
k = 20
IBLSH2Mae2D = [[1.1085885637263935, 1.1292304793509076, 1.1537172469371881, 1.14915653032937, 1.1285124416654184, 1.120196680461499, 1.0674225391216459, 1.0834821026519008, 1.1116798147778766, 1.0186265424088636]; [1.0875858753798628, 1.1210516446593493, 1.1381281982916003, 1.1511697363765618, 1.1268233896861772, 1.135153956616635, 1.110774323493719, 1.114228586243371, 1.0704200114319746, 1.1333040699591403]; [1.073337749182112, 1.0985088249133845, 1.121990311452265, 1.135693528920556, 1.147237288736515, 1.1411161196913262, 1.1181605566592017, 1.0948160417543227, 1.0846263221349048, 1.0776804077828426]; [1.056733373146437, 1.083895373557264, 1.1100531267427938, 1.132802590126305, 1.1395919378421326, 1.1396094577304106, 1.1366247005782588, 1.127440549119444, 1.092203203080206, 1.0549045190590176]; [1.0527972299663853, 1.073434711666116, 1.110002976727816, 1.1210552519921422, 1.1367161057378814, 1.1371033123754568, 1.1347010533895254, 1.1394469052253104, 1.1207033209369202, 1.0935961002760812]; [1.0475431066204675, 1.0657276556283504, 1.0947527204268197, 1.1229938855454185, 1.1405281926899444, 1.1438973181056766, 1.1303253418419725, 1.1133335197888143, 1.1301893255356237, 1.1080711014299924]; [1.045347585359809, 1.0650704975820464, 1.086388022938321, 1.1119449446021898, 1.1270262848100143, 1.1362331882877634, 1.121366699689211, 1.154458649624443, 1.11144877347925, 1.0849780178320423]; [1.0414421430497376, 1.0557533900024307, 1.0813736070005662, 1.105642620046085, 1.1253524780952198, 1.1317476318317976, 1.1275844740063483, 1.1384224854032776, 1.102647254107434, 1.0860554333739822]; [1.0405460887538898, 1.0531941599667338, 1.0740340814387699, 1.1024427085469106, 1.1190491228612702, 1.1428898819949567, 1.1371245226051254, 1.109933950172052, 1.1547431417415315, 1.0851340000900842]; [1.0399181010281802, 1.0458491303464665, 1.0638274678729054, 1.0983336312474332, 1.1181990928754464, 1.1436551050343602, 1.1357963863442002, 1.130172154656759, 1.1041707205339877, 1.1087445226374537]];
IBLSH2Runtime2D = [[0.006699480448455018, 0.004119952602315195, 0.0025704129067541702, 0.001294321392762738, 0.0010026433324218393, 7.838847871661654E-4, 4.2840215112569506E-4, 4.739768480539605E-4, 4.557469692826543E-4, 4.010573329687358E-4]; [0.014046121593291406, 0.007720353659648163, 0.004584814510983502, 0.002269619907027618, 0.0014857351198614528, 9.752985142648801E-4, 6.38045756995716E-4, 3.919423935830827E-4, 4.830917874396135E-4, 4.557469692826543E-4]; [0.01769209734755264, 0.009452192142922249, 0.0060523197520736495, 0.003436332148391213, 0.0020873211193145566, 0.0013216662109196975, 0.0011940570595205542, 7.47425029623553E-4, 6.836204539239814E-4, 6.107009388387567E-4]; [0.02404521009935284, 0.01494850059247106, 0.007838847871661654, 0.004375170905113481, 0.002643332421839395, 0.0017682982408166986, 0.0010299881505787987, 8.021146659374714E-4, 8.659192416370431E-4, 6.745055145383283E-4]; [0.030325403336067817, 0.016826178105915596, 0.009051134809953515, 0.005359584358764015, 0.0027435967550815793, 0.0020782061799289034, 0.001075562847507064, 8.021146659374714E-4, 7.47425029623553E-4, 7.565399690092062E-4]; [0.03424482727189864, 0.01956065992161152, 0.012131984322304256, 0.006653905751526752, 0.0037462400875034178, 0.0023425394221128428, 0.0014948500592471062, 0.001039103089964452, 8.47689362865737E-4, 8.112296053231245E-4]; [0.036496217300154954, 0.02338893446358582, 0.012505696837116033, 0.006854434418011121, 0.003846504420745602, 0.001932367149758454, 0.0013216662109196973, 0.001084677786892717, 8.932640597940025E-4, 9.023789991796554E-4]; [0.042193054416188126, 0.02492935921976119, 0.015331328046668492, 0.007383100902378999, 0.004657734026068726, 0.0030626196335794367, 0.0016133442712605963, 0.0011211375444353296, 8.385744234800839E-4, 8.385744234800838E-4]; [0.041108376629295416, 0.02620545073375262, 0.016917327499772126, 0.008786801567769575, 0.00525932002552183, 0.0029258955427946404, 0.0019414820891441073, 0.0015859994531036367, 0.0013216662109196973, 0.0010026433324218393]; [0.04570230607966457, 0.03154680521374533, 0.018184304074377905, 0.008513353386199981, 0.005368699298149667, 0.003636860814875581, 0.0021784705131710873, 0.0015586546349466775, 0.001066447908121411, 9.57068635493574E-4]];
IBLSH2CandidateSetList2D = [[136.5317017591833, 69.52029897001184, 34.40269802205815, 17.62505696837116, 9.165791632485643, 4.902615987603682, 2.463594932093702, 1.2747698477805123, 0.7414729742047216, 0.29785798924437157]; [256.41794731565034, 132.9788259958071, 77.07068635493575, 35.74820891441072, 19.252739039285387, 10.986692188496946, 6.020344544708777, 3.405833561206818, 2.405177285571051, 1.7912405432503873]; [350.1349922523015, 193.18360222404522, 103.99915231063714, 55.243596755081576, 29.49629021967004, 15.81394585726005, 8.39350104821803, 5.216443350651718, 3.038756722267797, 1.981159420289855]; [451.45655819888793, 258.97188041199524, 138.5535320390119, 74.96676693099992, 37.72236806125239, 20.40311730926989, 10.649585270257953, 6.0769847780512265, 3.7626469783975938, 2.3357123325129887]; [522.4976939203355, 299.58874304985875, 162.33860176829825, 88.7597210828548, 45.10969829550634, 24.951216844407984, 13.666630206909124, 7.549958982772765, 4.330544161881323, 2.681141190411084]; [572.8598395770669, 345.75512715340443, 198.92947771397317, 106.76753258590831, 56.068079482271436, 31.087239084860087, 15.64627654726096, 8.728365691368152, 4.822094613070823, 3.205705952055419]; [632.5088870659009, 397.8311001731838, 221.1332421839395, 120.5518457752256, 68.54930270713699, 35.276638410354565, 18.176556375900102, 10.122440980767477, 5.612305168170631, 3.3387476073284112]; [692.5298605414274, 442.87327499772124, 253.4938200710965, 137.42811958800473, 74.28953604958527, 38.611120226050495, 21.057150669948044, 11.182809224318659, 6.328393036186309, 3.7038009297238172]; [737.0924619451281, 477.3698568954517, 280.7924163704311, 149.15328593564854, 84.15027800565126, 43.30358217117856, 23.509497766839853, 12.587621912314283, 6.714620362774586, 4.165937471515814]; [764.9982134718804, 503.2447452374442, 314.27085953878407, 166.19804940297146, 92.74325038738493, 47.99716525385106, 25.82184850970741, 13.852821073739861, 7.753304165527299, 4.331528575334974]];
IBLSH2PredictionCoverageList2D = [[0.8327590921520373, 0.6566675781606053, 0.45849056603773586, 0.2929632667942758, 0.17735849056603772, 0.11066447908121411, 0.0717710327226324, 0.03979582535776136, 0.02425485370522286, 0.010901467505241092]; [0.9531218667395862, 0.8466411448363869, 0.6955792543979582, 0.4690547807857077, 0.31177650168626375, 0.21108376629295414, 0.12207638319205177, 0.06119770303527481, 0.040461215932914046, 0.02827454197429587]; [0.9840215112569503, 0.9206726825266612, 0.7921338073101815, 0.6082672500227874, 0.4204356941026342, 0.2735757907209917, 0.1667395861817519, 0.10904201987056787, 0.05971196791541337, 0.029587093245829917]; [0.9941755537325676, 0.9626196335794367, 0.8653723452739039, 0.7056512624191048, 0.5065992161152129, 0.33784522832923164, 0.19932549448546166, 0.11986145292133808, 0.07332057241819341, 0.03815513626834381]; [0.9974660468507883, 0.9766292954151855, 0.8986145292133806, 0.7576246467960988, 0.5584814510983502, 0.39958071278825996, 0.24984048856075106, 0.15909215203718896, 0.09722905842676145, 0.04994075289399325]; [0.9988697475161791, 0.9855163613161974, 0.9335976665755172, 0.8072190319934373, 0.6238446814328685, 0.4570321757360314, 0.2806672135630298, 0.17607328411266066, 0.1017682982408167, 0.06529942575881871]; [0.9994348737580895, 0.9919697384012397, 0.9499954425303071, 0.8392489289946221, 0.6943487375808951, 0.4917600947953696, 0.31627016680339076, 0.19903381642512077, 0.12028074013307812, 0.06698568954516453]; [0.9997903563941298, 0.9952511165800747, 0.9649257132440069, 0.8738492389025613, 0.7215386017682982, 0.5193965910126698, 0.3608148755810774, 0.21485735119861452, 0.14141828456840763, 0.07526205450733753]; [0.999845046030444, 0.9967641965180931, 0.9746057788715706, 0.8878953604958527, 0.751654361498496, 0.5475982134718804, 0.39433962264150946, 0.24659557013945857, 0.1440980767477896, 0.08591741864916598]; [0.9999726551818431, 0.9976574605778872, 0.9824537416826179, 0.9088141463859265, 0.7797374897456932, 0.5861361771944217, 0.412268708413089, 0.2584541062801932, 0.16436970194148212, 0.10127609151399143]];
# ========================================================
# test case: UBLSH2 2D
# ========================================================
fileName = "yahoo-music"
k = 20
UBLSH2Mae2D = [[1.3204948582372262, 1.3402991168281142, 1.3555348487115129, 1.3868298610834469, 1.4278380778824207, 1.4491709612229853, 1.477864357784612, 1.5223468611681257, 1.544709803110689, 1.549076566182582]; [1.3096789320031104, 1.317496925905168, 1.3272682440407522, 1.3428444288897385, 1.3748981295576401, 1.4083934052760798, 1.4429918515998754, 1.4770473932913004, 1.5092514434250892, 1.533313631837968]; [1.3131838307352341, 1.3156130523281515, 1.315453095862787, 1.3293607484689713, 1.3498101974355203, 1.3757403059965607, 1.4116952524023845, 1.4384694775143485, 1.481526563520471, 1.5177434994835073]; [1.3116093636913437, 1.3105991250489322, 1.3100695884841518, 1.3235857232521284, 1.3343972893839808, 1.3614150983653497, 1.392724472389629, 1.4254274581188373, 1.4519824858100685, 1.4773803172361315]; [1.3105191739653248, 1.3080243537185414, 1.3102382281914886, 1.315879700777561, 1.3303599949438656, 1.3531865404753127, 1.3808660865992797, 1.412280130395783, 1.4436414860813567, 1.4885628028737552]; [1.3085385930873807, 1.308450570783174, 1.3047454000424492, 1.309228023346497, 1.31878234025228, 1.3452414217421929, 1.3662617891238071, 1.4036088414900763, 1.4327377979346145, 1.4576132386236587]; [1.309824168478783, 1.308923380613879, 1.3086051186284424, 1.3100053704962262, 1.318112820793999, 1.3311327800910602, 1.3642905673547645, 1.389082436113054, 1.4338137403685194, 1.4476717980319682]; [1.3102187151407598, 1.3065942741306986, 1.3059615464131518, 1.3042944227971083, 1.312778981328269, 1.331280314007662, 1.3516517016133864, 1.384581427292157, 1.4124842028659945, 1.4511219698670075]; [1.3070488864582175, 1.3074900190051393, 1.3056729296373795, 1.3079942613404976, 1.3099726888867593, 1.3226764239454345, 1.3493048989000744, 1.3822828259580466, 1.410420519171628, 1.439400173520846]; [1.309590652412611, 1.3070566992634112, 1.3070752148243956, 1.3059046195958979, 1.3079071743370807, 1.323292434034332, 1.345691967767598, 1.3728261695493569, 1.4005937248866924, 1.4263284526131674]];
UBLSH2Runtime2D = [[0.053905751526752345, 0.03785434326861726, 0.022933187494303165, 0.014246650259775772, 0.007519824993163796, 0.004885607510710054, 0.002989700118494212, 0.0016133442712605963, 0.0013672409078479629, 7.109652720809406E-4]; [0.07116944672317928, 0.05481724546531766, 0.03790903290493118, 0.025312186673958615, 0.014173730744690548, 0.008859721082854799, 0.005441618813234891, 0.0031811138455929266, 0.001895907392215842, 0.0011484823625922886]; [0.07445993984140005, 0.05882781879500502, 0.04933916689454015, 0.032339804940297145, 0.02182116488925349, 0.01323489198796828, 0.007802388114119041, 0.004557469692826543, 0.0029258955427946404, 0.002142010755628475]; [0.07502506608331054, 0.06846230972564032, 0.04984048856075107, 0.03699753896636587, 0.02591377267341172, 0.01606052319752074, 0.009625375991249659, 0.006298423115486282, 0.004010573329687357, 0.002461033634126333]; [0.0750706407802388, 0.06939203354297695, 0.059839577066812505, 0.04744325950232431, 0.028967277367605505, 0.019423935830826727, 0.013107282836569136, 0.008303709780329962, 0.0045210099352839305, 0.0030443897548081307]; [0.07579983593109106, 0.07155227417737672, 0.06303892079117673, 0.04840032813781788, 0.03539330963449092, 0.021256038647342993, 0.015048764925713243, 0.008969100355482635, 0.004940297147023972, 0.0029805851791085587]; [0.07673867468781333, 0.07203536596481634, 0.0602679792179382, 0.05034181022696199, 0.03718895269346459, 0.025731473885698658, 0.01574150031902288, 0.009452192142922249, 0.0057971014492753615, 0.00330872299699207]; [0.0808039376538146, 0.07211740041928721, 0.06817974660468508, 0.0588095889162337, 0.041381824810865005, 0.023881141190411084, 0.017436879044754352, 0.01057332968735758, 0.007173457296508978, 0.004056148026615623]; [0.08162428219852337, 0.07352110108467778, 0.06615623006107009, 0.05744234800838575, 0.04386108832376265, 0.02909488651900465, 0.019478625467140645, 0.009807674778962721, 0.006763285024154589, 0.004311366329413909]; [0.0813872937744964, 0.07645611156685807, 0.06657551727281014, 0.05972108285479901, 0.044699662747242734, 0.030416552729924346, 0.018649165983046213, 0.011885880958891626, 0.008759456749612616, 0.004967641965180931]];
UBLSH2CandidateSetList2D = [[2123.33397137909, 1189.6514447178927, 614.1511621547717, 319.40366420563305, 170.8168444079847, 96.87651080120317, 55.44745237444172, 26.27460577887157, 14.699480448455018, 7.536596481633397]; [4317.103290493118, 2207.893610427491, 1222.0905386929178, 701.4357123325129, 338.4873211193146, 185.2320298970012, 92.11380001822988, 51.263476437881685, 29.89452192142922, 16.115695925622095]; [5670.972053595844, 3069.9730653541155, 1731.7901467505242, 944.6703035274815, 549.9837116033178, 305.92668854252116, 150.91958800473978, 85.80643514720627, 43.67433233069, 24.785853614073464]; [7088.442958709325, 4238.564661380001, 2324.6747698477807, 1177.5398505149942, 699.9067177103271, 366.8577249111293, 208.6203354297694, 113.50973475526388, 65.32884878315559, 37.660678151490295]; [8222.450250660833, 4867.10949776684, 2816.474897456932, 1608.8505787986512, 775.5089235256586, 457.4423115486282, 288.8281378178835, 140.3077476984778, 76.47558107738584, 37.27553550268891]; [9157.628074013308, 5726.623388934463, 3303.034700574241, 1895.749822258682, 1052.6237261872209, 552.30905113481, 307.9235530033725, 162.50803937653816, 87.31400054689637, 47.06186309361042]; [10201.493163795461, 6613.317108741227, 3662.417938200711, 2027.939203354298, 1138.6295506334884, 678.3007018503326, 358.79883328775867, 180.5494303162884, 93.77239084860086, 51.39950779327318]; [10768.30548719351, 7094.747169811321, 4384.619925257496, 2523.7959620818524, 1364.7113754443533, 747.6376629295415, 404.1242275088871, 212.90614346914595, 129.7279008294595, 58.06052319752073]; [11448.149184212925, 7751.845802570413, 4758.872463768116, 2597.1355573785436, 1509.629751162155, 828.794540151308, 451.2845866374989, 229.88005651262418, 128.37408622732656, 70.37976483456386]; [12080.059812232248, 8434.473338802296, 5032.107702123781, 3040.3318931729104, 1611.4394768024795, 873.8530854069819, 525.2155774314101, 254.99414820891442, 150.94596663932185, 81.98889800382828]];
UBLSH2PredictionCoverageList2D = [[0.9997994713335157, 0.9947315650350924, 0.9726460669036552, 0.9142557651991613, 0.8170722814693283, 0.6945583811867652, 0.5694193783611339, 0.43286847142466506, 0.3180658098623644, 0.21850332695287578]; [1.0, 0.9998723908486008, 0.9975025066083311, 0.9835657642876675, 0.9392033542976939, 0.8542338893446358, 0.7242092790082947, 0.5971014492753622, 0.472491112934099, 0.34519186947406794]; [1.0, 0.9999908850606144, 0.999553367970103, 0.9959438519733843, 0.9772673411721812, 0.9282198523379819, 0.8273174733388023, 0.7188041199526024, 0.5721812049949868, 0.4430498587184395]; [1.0, 1.0, 0.9999635402424575, 0.9985871843952238, 0.9899917965545528, 0.9553185671315285, 0.8829368334700574, 0.7795916507155227, 0.6547443259502325, 0.5345273903928539]; [1.0, 1.0, 0.9999817701212287, 0.9996536323033451, 0.9942667031264242, 0.971989791267888, 0.9252574970376447, 0.824984048856075, 0.7012760915139914, 0.55212833834655]; [1.0, 1.0, 1.0, 0.9999270804849147, 0.9977759547899007, 0.9841217755901924, 0.9411812961443807, 0.8517546258317381, 0.7388478716616534, 0.6000729195150852]; [1.0, 1.0, 1.0, 0.9999361954243003, 0.9987147935466228, 0.9905022331601495, 0.9555099808586274, 0.8757907209917054, 0.7565673138273631, 0.62958709324583]; [1.0, 1.0, 1.0, 0.9999635402424575, 0.9993619542430042, 0.9933096344909306, 0.9655728739403884, 0.9016315741500319, 0.8152037188952694, 0.6566949229787622]; [1.0, 1.0, 1.0, 0.9999908850606144, 0.9996262874851882, 0.9952784613982318, 0.9744508249020144, 0.9105095251116581, 0.8202716251936925, 0.6946221857624647]; [1.0, 1.0, 1.0, 1.0, 0.99979035639413, 0.9966821620636223, 0.9816880867742229, 0.9265244736122505, 0.8471789262601405, 0.7278643697019415]];