# =======================================================
# 10-fold CV Tests
# =======================================================

function write (f, file_name)
  H = 3.2; W = 4;
  h = f;
  set (h,'papertype', '<custom>')
  set (h,'paperunits','inches');
  set (h,'papersize',[H W])
  set (h,'paperposition', [0,0,[W H]])
  set (h,'defaultaxesposition', [0.15, 0.15, 0.75, 0.75])
  set (0,'defaultaxesfontsize', 10)
  out_file_name = strcat (file_name,'.eps');
  print('-depsc', out_file_name);
endfunction

andapps_ub_cover = [[0.8839092847869062, 0.8124594960262042, 0.7187729549082557, 0.6007679164433927, 0.47312874156178863, 0.3473758456099331, 0.2364467183734779, 0.15419061820776506, 0.09286128964170987, 0.05576904102346799]; [0.9325240844980366, 0.8865211199464996, 0.8205627159014458, 0.7334260396368774, 0.6195767908053235, 0.48821967902467733, 0.36470039283394207, 0.25077144102347465, 0.16650689354710804, 0.09866226580315968]; [0.952902046173174, 0.9147847664422081, 0.8639891545998982, 0.7895835200512794, 0.6946186764932163, 0.5728065259528362, 0.44815581794877324, 0.3217573266545643, 0.22038843287962892, 0.14015621045157137]; [0.9640557301256804, 0.932903901912962, 0.8893915479334683, 0.8267004364209934, 0.7391672218289203, 0.6294814455330743, 0.5062692773625325, 0.377991573050872, 0.26303040456750026, 0.17186786117861477]; [0.9716667394961255, 0.9447128114407187, 0.9045452884157065, 0.848111319737968, 0.7727495989178704, 0.6730716327592731, 0.5498507403384176, 0.42326315851120455, 0.3000689466346238, 0.2010459643667777]; [0.9763474544901408, 0.952772473432873, 0.9169230987139775, 0.8664887632695834, 0.7973586847750341, 0.7014292654202907, 0.5835800033366146, 0.45983381740279555, 0.3364358558807769, 0.22731814887224946]; [0.9798644288014503, 0.9583840493671115, 0.9261888496695535, 0.8821160192357583, 0.8166580690473401, 0.7289096995649135, 0.6125687199613878, 0.49062668015377026, 0.3647089725198958, 0.2536608098599791]; [0.9830623143898629, 0.9641594641966602, 0.9335075616677705, 0.8918909211998857, 0.8325958734580032, 0.7485797302043714, 0.6393685301355688, 0.5143296003229874, 0.3885508342507875, 0.27516002320752425]; [0.9851483469366246, 0.9674091563248925, 0.9397908361481789, 0.9009502564778341, 0.8449050860080214, 0.7636130130850721, 0.6626323065799469, 0.5398370142163929, 0.4125229484297506, 0.29487304656088403]; [0.9875704330990871, 0.9707273477506341, 0.94437637455004, 0.9065876162064423, 0.8533176475501696, 0.7789381403988215, 0.678303003950802, 0.5629442438948504, 0.43309623375718614, 0.3104639386320174]];
andapps_ib_cover = [[0.8238815243285059, 0.6310322873081593, 0.42988207036633025, 0.2755347568315622, 0.1611894066011685, 0.09672980320414233, 0.056329873033914436, 0.03278162923310752, 0.01715350627990725, 0.01148152370349871]; [0.9544705923727747, 0.8293374891380626, 0.6390411798375738, 0.43623450372258726, 0.27966658291280594, 0.16722141270672855, 0.09772216648197386, 0.056570762700077735, 0.03273787744484783, 0.019807941967998625]; [0.986199360468636, 0.914217044948471, 0.752811056547911, 0.5579964019271911, 0.36858814695076597, 0.23206110540211547, 0.13889743125466517, 0.0791206104841208, 0.045848381364263995, 0.027160725802429255]; [0.9956211223012663, 0.9551688825080499, 0.8358028205735318, 0.6433921443681407, 0.4468722948593668, 0.2889168652041318, 0.1719456234865977, 0.10058383487510736, 0.05869216119659721, 0.03460810940476668]; [0.9984914931512088, 0.9749252563245943, 0.8824793597183286, 0.7133857290590941, 0.5097584922674264, 0.33206740051302425, 0.20231353636562366, 0.12262364409808613, 0.06988120557593959, 0.04289163090357121]; [0.9995087077404304, 0.9867169639947934, 0.9173109490981748, 0.7619840065627167, 0.5624964539428278, 0.3779144356782955, 0.2380335014300192, 0.13938904752798564, 0.08535228095334231, 0.04801244466843596]; [0.9998621040009912, 0.9925958518172683, 0.9405414581023538, 0.8047187507719366, 0.6125435893727552, 0.4178925283236637, 0.2639086399317299, 0.16155858549265845, 0.09578247396624114, 0.05397703308326327]; [0.9998620728145, 0.9957590334342119, 0.9569962530682287, 0.8368029852874327, 0.655512606600551, 0.4556194517036584, 0.29144268124689354, 0.17893527397139516, 0.10326481208846881, 0.0625706705262064]; [0.9999396757335856, 0.9973881892406723, 0.967598057143405, 0.8642569253638595, 0.685862419139104, 0.4867479954404299, 0.3165768171417909, 0.1951172221348806, 0.11719359029775071, 0.06713922502004518]; [0.9999569080658285, 0.9984226597816598, 0.9766145166106989, 0.8848837347854911, 0.716075041898031, 0.5195434925375673, 0.3403756061028209, 0.20985535560479177, 0.12522734566695953, 0.07247449301245218]];
ml_1m_ub_cover = [[0.9971302680411859, 0.9930039826719792, 0.9815683869032924, 0.9562540894109598, 0.9058354384682366, 0.8541268597574447, 0.770521257964618, 0.6140827062075744, 0.4993437273283461, 0.337868622900287]; [0.9994533842618405, 0.9984668116860517, 0.9960470353983283, 0.99016426144416, 0.9753755900564939, 0.9437185960655716, 0.906795112122673, 0.8274731026385584, 0.7504197958186788, 0.5820552958658665]; [0.9997300250309719, 0.9993367289940379, 0.9981401724837505, 0.9961136945991655, 0.9872878545202819, 0.9748223725722962, 0.9414686630731355, 0.8977128683630831, 0.8176368721115872, 0.7042574797706278]; [0.9998133510649522, 0.9995867053296483, 0.99900009389102, 0.9973735791099037, 0.9931506306409426, 0.9857480177031698, 0.9655132336246967, 0.9302665482077465, 0.8708486766286475, 0.768211440947656]; [0.9998900103323448, 0.9997833537980368, 0.9993467277275205, 0.9982334946516654, 0.9959670386984093, 0.9907708606516824, 0.9789186469441423, 0.9513645202384547, 0.9104949902460228, 0.8427680894563991]; [0.9999133413659091, 0.9998066855314661, 0.9994933817619535, 0.9987634507886298, 0.9968003051037296, 0.993653930076197, 0.9828649353475184, 0.9643899992161907, 0.9338128381148109, 0.8663390957909648]; [0.9999500047328787, 0.9998533471320115, 0.999613369996461, 0.998983428857529, 0.9974668991116501, 0.9950771155583792, 0.9876178387870794, 0.9725659233846886, 0.94349853341317, 0.8935866081546918]; [0.9999600041662284, 0.9998366825984215, 0.9996566983636859, 0.9993000642273303, 0.9982134974846512, 0.9954437516943212, 0.9898942779766907, 0.9789386381786999, 0.954437589495075, 0.9087051415003952]; [0.9999600038662854, 0.9998666794987425, 0.9996966960304373, 0.9993733926609526, 0.9986501274877563, 0.9959970438305302, 0.9920507295985338, 0.9840881577244565, 0.959757044151559, 0.9301264800552339]; [0.9999833348331962, 0.999923340565975, 0.9997766874313653, 0.9995167128288434, 0.9988201105894431, 0.9971502680409877, 0.9929239855054388, 0.9867879128802329, 0.9672197337415352, 0.9392390390551976]];
ml_1m_ib_cover = [[0.9962436805674199, 0.9864812654127704, 0.9595304448743578, 0.9039956275819533, 0.8354953045502919, 0.7061742096067158, 0.5876085041362352, 0.4591639818101674, 0.3355455414738391, 0.22504261307530002]; [0.9997400245976342, 0.9983101547855854, 0.9933906256397288, 0.9768221520299433, 0.944275238965608, 0.8931133036542239, 0.7943086816429661, 0.6653676614105866, 0.5245450243295201, 0.4489247632524404]; [0.9999900008665913, 0.9997233589975808, 0.9978535317146631, 0.991157509951537, 0.9735657519416342, 0.9463883298596131, 0.8945364753382661, 0.7782972789183639, 0.6708143644561589, 0.5689434236398455]; [1.0, 0.9999233405326414, 0.9991967442590415, 0.9955104217596619, 0.9843914761914125, 0.9630734260430714, 0.9331328800455535, 0.8397016673700922, 0.7778075143765989, 0.566190267362722]; [0.999996666933312, 0.9999866679665376, 0.9996267012633989, 0.998053512316583, 0.992707350701354, 0.9796485930811688, 0.9509946529500883, 0.8761815383073972, 0.8101143407270884, 0.7055408873729879]; [1.0, 0.999993333866624, 0.9999033421658471, 0.9990534198919504, 0.9955437501269649, 0.9846347781282635, 0.9600637798028978, 0.921790609011112, 0.8609096886263149, 0.7153532115140303]; [1.0, 1.0, 0.9999600037329767, 0.9993867247277205, 0.9965203232361622, 0.9889310444997618, 0.9703294486012884, 0.9351494078540926, 0.8790677946916153, 0.7875332079067463]; [1.0, 1.0, 0.999973335866422, 0.9997066934308533, 0.9978335334811854, 0.9922407158660032, 0.9793019447472627, 0.943728615262054, 0.8997326388880573, 0.8170174589068289]; [1.0, 1.0, 0.9999933339999326, 0.9997866868647148, 0.9987034563880998, 0.9939005557151611, 0.9838348223939866, 0.9572707574013409, 0.9036356312850017, 0.8326490070730138]; [1.0, 1.0, 0.999990000899917, 0.9998700117655824, 0.999156744292727, 0.9959003853630956, 0.9873811985174771, 0.9659164919349931, 0.9238804068650195, 0.8433043834240378]];
ml_new_ub_cover = [[0.9930731225985044, 0.9838249863133788, 0.9645282181260404, 0.9247689609135112, 0.8539961637946386, 0.7404798433843124, 0.5940467785055535, 0.4453602212937726, 0.30880575658753434, 0.1945150101397615]; [0.9972332643672243, 0.9932673912019978, 0.9853858732407309, 0.967147550110529, 0.9334711408332369, 0.8672101533796902, 0.7660471153920886, 0.6318599837502968, 0.4826006868759956, 0.3299751412511424]; [0.9983989168819177, 0.9960743161263874, 0.990842309814486, 0.980200766552845, 0.9594804228288764, 0.9170248189717928, 0.8396735544557478, 0.7241874697386042, 0.5848187017043515, 0.43334215354910005]; [0.9989984825345649, 0.9973706013392422, 0.9937564228423946, 0.986246705636157, 0.9707817577904069, 0.9380130137139631, 0.8784580101639673, 0.7799677119894812, 0.6493887398535604, 0.4999450364271376]; [0.9992363029999863, 0.9980070096997681, 0.9951699396095831, 0.9894355075851927, 0.976811009395601, 0.9524597352437573, 0.9055492484557869, 0.8240677473617151, 0.7038856917720185, 0.5523552272513644]; [0.9994540246123059, 0.9984659008849364, 0.9962719467954259, 0.9914887528759931, 0.9815607006281346, 0.9608537772317458, 0.9210275548675472, 0.8499398519330258, 0.7446232620083381, 0.5970886715823381]; [0.9995310621649659, 0.998666872583934, 0.9970121956666542, 0.993086504556652, 0.9839623051108776, 0.9676433070587445, 0.9329317554455349, 0.8714069498847042, 0.770970702214259, 0.6311971865851046]; [0.999651648718487, 0.9989649879246775, 0.9973471481615, 0.9942019044697545, 0.9863103447392717, 0.9715220768379469, 0.9410644786923509, 0.8879271017179934, 0.7926825719544882, 0.66555356855276]; [0.9997219867095829, 0.9991190611786712, 0.9976218079691165, 0.9948249236364534, 0.9884842146166144, 0.9751161672527832, 0.9491167960912176, 0.9002366920712374, 0.816273416766597, 0.6936363231051218]; [0.9997521318753781, 0.9991994586092913, 0.9980036641260269, 0.9952402691863936, 0.9893651408163886, 0.977832616796403, 0.9547609228770412, 0.9089991981644893, 0.8331116237600447, 0.71799724202348]];
ml_new_ib_cover = [[0.8534301423933147, 0.7177731925882864, 0.5477660760847686, 0.38481393370809713, 0.2393828543089291, 0.1325719750555764, 0.07624945808860432, 0.0392569541832177, 0.019899823809472684, 0.011167458502584137]; [0.9391888301748099, 0.849551363850327, 0.7238424145531374, 0.5563010451334938, 0.39212623229695925, 0.24189874597153072, 0.13623333928024428, 0.07597125883953898, 0.04261612205863465, 0.02246879632142738]; [0.9664575556911018, 0.9099974708600075, 0.8101406583628635, 0.6663208608373975, 0.48944712530066026, 0.3273088224861915, 0.1974399578976945, 0.10940305099912484, 0.05987005527579838, 0.03317418299770222]; [0.9796380658207967, 0.9391151176645159, 0.862102069099015, 0.7269508528931447, 0.5626015973422828, 0.39418246302432564, 0.24751220068653948, 0.14196079035906564, 0.0783966439917781, 0.0404157566845924]; [0.9863807052798537, 0.9557524320602164, 0.8940869407491984, 0.7833541605826172, 0.6251146720346501, 0.44757757755882627, 0.29900448442326116, 0.16811768165619825, 0.09963584057183612, 0.05318078932834271]; [0.9901891581037999, 0.9665413382443124, 0.9119670372655834, 0.8159791547309072, 0.6678644760210362, 0.5034186240932691, 0.333853391693763, 0.19971733038781828, 0.11242455593141754, 0.06050638353238505]; [0.992594154608554, 0.9744060990564766, 0.9266681300894032, 0.842714808028652, 0.7071116346224317, 0.5448121694106853, 0.3664414238110489, 0.22367991012910818, 0.12887740568508102, 0.07099387710133953]; [0.9946474047788373, 0.9797251789707584, 0.940130060338637, 0.8659439724332665, 0.7326517288834525, 0.5681184225139616, 0.3972772853227922, 0.24859393145792189, 0.14735019412274783, 0.0836919602334409]; [0.9956757248650919, 0.983386225451882, 0.9518769284240441, 0.8806854152671821, 0.7625365572639765, 0.6042398683212211, 0.4290849055225259, 0.2725636123221246, 0.1582698112601549, 0.09194864757514624]; [0.9962753060006143, 0.9864176095834813, 0.9576617020722065, 0.8941644003655115, 0.7847306560872146, 0.6244978564895363, 0.4562327280997758, 0.2963721322967608, 0.17755982772151144, 0.0994618078014844]];
movies_tv_ub_cover = [[0.9538686323569184, 0.870892120534065, 0.7450467705204732, 0.5868969409748042, 0.4251893901908011, 0.272142679944474, 0.1616458738705425, 0.09490539786146028, 0.05208874180483546, 0.027034067751907715]; [0.9915626035961672, 0.9567875941453142, 0.8772643848203584, 0.7555446243067937, 0.6026651541289566, 0.4324484117823961, 0.2857882858953415, 0.16914846502926975, 0.09276840882258652, 0.05105837583188314]; [0.9979681612000749, 0.9816466253583142, 0.9317568493957861, 0.836102889288738, 0.6998025025936413, 0.5333873278047586, 0.37279534839318895, 0.23931382185664582, 0.13919078116143946, 0.07678553324406238]; [0.99948488751457, 0.9917724761490202, 0.9587431742852864, 0.8799258719917432, 0.7661712350217414, 0.6086654145281143, 0.44460105576887715, 0.2925516363686431, 0.17617399427307376, 0.10192597513768055]; [0.9998807620768145, 0.9959553739269668, 0.9732092558446815, 0.9147532841639691, 0.8112629782592169, 0.662642953415758, 0.49517357371426857, 0.34022872360058126, 0.20680413344283533, 0.1220012079779429]; [0.9999475324418533, 0.9981112399102434, 0.9826435039810146, 0.9340081646573651, 0.8416881070327437, 0.7092988299047635, 0.5481201736036997, 0.38061272142042607, 0.24565230708674532, 0.14458535552790103]; [0.9999856918696427, 0.9991939439734834, 0.9887151857360705, 0.948598272172573, 0.8676536683553947, 0.7440783043696498, 0.584640867300683, 0.41845928007254535, 0.27397419270486817, 0.16198448847347588]; [1.0, 0.9994038057431007, 0.9925070113843842, 0.9598115256506811, 0.8865937785802936, 0.7706166217621998, 0.6163348431512184, 0.4528431967133666, 0.30195267302095175, 0.17977997945712695]; [1.0, 0.9997710619289982, 0.9949346978561779, 0.9679198195642885, 0.9025430229361525, 0.796677596397401, 0.6486822719160331, 0.48477547730575377, 0.3262917373764224, 0.19773253289508638]; [1.0, 0.999837832294037, 0.9966135804107311, 0.9742967531948067, 0.9169902528038355, 0.8138480025012274, 0.6759592484436024, 0.5083992459168284, 0.3468343152738164, 0.2168110902922424]];
movies_tv_ib_cover = [[0.9590865541256948, 0.8818431379817061, 0.7630234668843382, 0.6211616595508912, 0.4795722331040851, 0.34904303858793434, 0.24453155108511185, 0.15004634031915995, 0.09571103135288041, 0.04918398113587599]; [0.9927025378601305, 0.963345792189474, 0.8907145912412511, 0.769777169769181, 0.6301189995383623, 0.49405234754581784, 0.3653549451915256, 0.24513716149771062, 0.1569811816296132, 0.09562529375276807]; [0.9976533691600334, 0.9850139828424279, 0.9423834289885656, 0.8548090933649233, 0.724261010508639, 0.5888430320686012, 0.4420923894876143, 0.320387062135752, 0.21820385691890387, 0.1353511615291506]; [0.9988743798720888, 0.9929696310589767, 0.9666606172106027, 0.8978259739750927, 0.7813909127603358, 0.6493643328319001, 0.5076312533599502, 0.3774121560115902, 0.25968473296210526, 0.16700229276751746]; [0.9993370265738898, 0.996122332462892, 0.9790806290299603, 0.9263052080746483, 0.826196401870699, 0.6950903652681607, 0.5596962623511224, 0.41965639758071, 0.29885221429140624, 0.1982669215175328]; [0.999570735955423, 0.9977105992245394, 0.9862922078534911, 0.9447348716112401, 0.8592067934854827, 0.7342292511469477, 0.5915523734852791, 0.4570690942989031, 0.3285335588813835, 0.22396044251663513]; [0.9997472074238213, 0.9983878796206541, 0.9908328686090145, 0.9581326557215065, 0.8832406655500282, 0.7664241482638045, 0.6296943691394192, 0.48647835189003313, 0.3554291962530407, 0.2510518724621132]; [0.999813986183589, 0.9987360581400928, 0.9935085895185495, 0.9679054750559231, 0.9025098056455301, 0.7919317648518999, 0.6564613460176686, 0.5198895007595118, 0.37734553490794603, 0.2729440464217657]; [0.9998426046282644, 0.9992797852482008, 0.9950968691108247, 0.9752077321890429, 0.917696176485676, 0.81181145968438, 0.6852075083546058, 0.5378419537997303, 0.4079899286398568, 0.28442905070768126]; [0.9998092181490429, 0.9993131772557847, 0.9964561886559199, 0.9810647463294034, 0.9320238978910148, 0.8342807831965869, 0.7063320258192335, 0.5637359429394232, 0.42562306327467964, 0.30693224179012596]];
ymusic_ub_cover = [[0.9997721265153586, 0.9985598395770667, 0.9890894175553733, 0.955491750979856, 0.88576246467961, 0.7742411812961444, 0.6528666484367879, 0.5076474341445629, 0.3946768753987786, 0.2697110564214748]; [1.0, 1.0, 0.9995624829094886, 0.994403427217209, 0.9709415732385379, 0.9206909124054324, 0.8152128338346549, 0.6940023698842402, 0.5588825084313189, 0.42783702488378456]; [1.0, 1.0, 0.9999726551818431, 0.9991887703946768, 0.9915777960076566, 0.9581806580986236, 0.888332877586364, 0.8024792635128977, 0.6581077385835384, 0.5354297693920335]; [1.0, 1.0, 1.0, 0.9998997356667578, 0.9966274724273084, 0.9830553276820709, 0.9355756084222041, 0.8536778780421109, 0.7308176100628931, 0.605177285571051]; [1.0, 1.0, 1.0, 0.9999361954243003, 0.999134080758363, 0.9902652447361224, 0.9572144745237443, 0.884759821347188, 0.7893264059794002, 0.6432777322030808]; [1.0, 1.0, 1.0, 0.9999908850606144, 0.9996445173639595, 0.9952875763376173, 0.9739859629933462, 0.9088323762646979, 0.8252939567951874, 0.6934828183392581]; [1.0, 1.0, 1.0, 1.0, 0.999735666757816, 0.9969647251845775, 0.9829641782882144, 0.9372436423297786, 0.8420289855072464, 0.7404521009935284]; [1.0, 1.0, 1.0, 1.0, 0.9999453103636862, 0.9984686901832102, 0.9892990611612432, 0.9531583264971287, 0.8720353659648165, 0.7792088232613253]; [1.0, 1.0, 1.0, 1.0, 0.9999635402424575, 0.9991978853340626, 0.9911493938565309, 0.959484094430772, 0.889572509342813, 0.7881141190411084]; [1.0, 1.0, 1.0, 1.0, 0.9999908850606144, 0.999498678333789, 0.9943487375808951, 0.9711329869656367, 0.9075107100537781, 0.8189773038009297]];
ymusic_ib_cover = [[0.9149120408349285, 0.7706043204812688, 0.594038829641783, 0.40788442256858987, 0.24082581350834018, 0.1462036277458755, 0.10430225139002826, 0.05084313189317291, 0.030507702123780876, 0.017682982408166986]; [0.9844499134080759, 0.9216206362227691, 0.8024519186947408, 0.6338893446358581, 0.4183027982863914, 0.2766019505970285, 0.18001093792726278, 0.10379181478443168, 0.0550998085862729, 0.034846413271351746]; [0.9967368516999362, 0.9711603317837936, 0.8956065992161152, 0.764451736395953, 0.543432686172637, 0.3641874031537691, 0.21978853340625285, 0.1336523562118312, 0.08005651262419104, 0.048345638501503974]; [0.999079391122049, 0.9863458208002917, 0.9343086318475983, 0.8071096527208094, 0.6612706225503601, 0.43676055054233887, 0.2929176920973475, 0.17293774496399603, 0.09932549448546167, 0.0647160696381369]; [0.9996262874851882, 0.9938200710965273, 0.9599216115212834, 0.8663658736669401, 0.7052228602679792, 0.5008203445447088, 0.33657825175462586, 0.21756448819615348, 0.13522924072554918, 0.08178835110746514]; [0.9999361954243003, 0.9970011849421202, 0.9750797557196244, 0.9033998723908486, 0.7639595296691276, 0.5798286391395497, 0.41179473156503504, 0.25361407346641146, 0.15917418649165982, 0.08412177559019234]; [0.9999908850606144, 0.998632759092152, 0.9843040743779055, 0.931792908577158, 0.7947133351563211, 0.603336067815149, 0.4288305532768207, 0.2577157961899553, 0.17075015951143924, 0.09833196609242549]; [0.9999817701212287, 0.999343724364233, 0.9907574514629478, 0.9458299152310637, 0.8363868380275271, 0.6444079846869019, 0.45011393674232064, 0.29506881779236166, 0.18823261325312188, 0.1137544435329505]; [1.0, 0.9995898277276457, 0.9933916689454015, 0.9586090602497492, 0.8641327135174551, 0.6894722450095706, 0.5072190319934372, 0.3236441527663841, 0.21098350195971197, 0.14224774405250204]; [1.0, 0.9997630115759731, 0.9950961626105187, 0.9690000911493938, 0.8848236259228875, 0.7210646249202443, 0.5409351927809681, 0.3551636131619725, 0.2359493209370158, 0.1253577613708869]];

#Use K = 6, L = 5


# Draw Hash Functions - UB-LSH-KNN
f= figure();
x = 4:13;

y1 = ml_1m_ub_cover(5,:);
y2 = movies_tv_ub_cover(5,:);
y3 = ymusic_ub_cover(5,:);

plot (x, y1,'-dk', x, y2,'-*k',x, y3,'-+k');
h = legend('ML-1M', 'Amazon Movies', 'Yahoo Music!', 'location', 'southwest');
set (h, 'fontsize', 10);
xlabel("K");
ylabel('Prediction Ratio');
xlim([4, 13])
ylim([0 1])
write(f, 'ub-lsh-hash-functions-prediction-coverage');

# Draw Hash Tables - UB-LSH-KNN
f= figure();
x = 1:10;

y1 = ml_1m_ub_cover(:,3);
y2 = movies_tv_ub_cover(:,3);
y3 = ymusic_ub_cover(:,3);

plot (x, y1,'-dk', x, y2,'-*k',x, y3,'-+k');
h = legend('ML-1M', 'Amazon Movies', 'Yahoo Music!', 'location', 'southeast');
set (h, 'fontsize', 10);
xlabel("L");
ylabel('Prediction Ratio');
xlim([1, 10])
ylim([0 1])
write(f, 'ub-lsh-hash-tables-prediction-coverage');


# Draw Hash Functions - IB-LSH-KNN
f= figure();
x = 4:13;
y1 = andapps_ib_cover(5,:);
y2 = ml_1m_ib_cover(5,:);
y3 = ml_new_ib_cover(5,:);
y4 = movies_tv_ib_cover(5,:);
y5 = ymusic_ib_cover(5,:);

plot (x, y1,'-dk', x, y2,'-*k',x, y3,'-+k', x, y4,'->k', x, y5,'-ok');
h = legend('Android Apps', 'ML-1M', 'ML-1M-LATEST', 'Amazon Movies', 'Yahoo Music!', 'location', 'southwest');
set (h, 'fontsize', 10);
xlabel("K");
ylabel('Prediction Ratio');
xlim([4, 13])
ylim([0 1])
write(f, 'ib-lsh-hash-functions-prediction-coverage');


# Draw Hash Tables - IB-LSH-KNN
f= figure();
x = 1:10;
y1 = andapps_ib_cover(:,6);
y2 = ml_1m_ib_cover(:,6);
y3 = ml_new_ib_cover(:,6);
y4 = movies_tv_ib_cover(:,6);
y5 = ymusic_ib_cover(:,6);

plot (x, y1,'-dk', x, y2,'-*k',x, y3,'-+k', x, y4,'->k', x, y5,'-ok');
h = legend('Android Apps', 'ML-1M', 'ML-1M-LATEST', 'Amazon Movies', 'Yahoo Music!', 'location', 'southeast');
set (h, 'fontsize', 10);
xlabel("L");
ylabel('Prediction Ratio');
xlim([1, 10])
ylim([0 1])
write(f, 'ib-lsh-hash-tables-prediction-coverage');
